# time,X,Y,Z,id,intensity,distance
116289256,-2.614402,0.920078,0.047678,1,2,2.772
116289260,-2.614717,0.921044,0.143085,3,2,2.776
116289265,-2.613712,0.921544,0.238767,5,2,2.782
116289270,-2.609488,0.920909,0.334672,7,2,2.788
116289274,-2.611350,0.922420,0.432042,9,2,2.804
116289279,-2.619121,0.926022,0.531889,11,2,2.830
116289283,-2.610513,0.923833,0.629611,13,2,2.842
116289286,-2.607003,0.923017,-0.047573,14,2,2.766
116289288,-2.605833,0.923030,0.729540,15,2,2.862
116289311,-2.599871,0.925176,0.047469,1,2,2.760
116289316,-2.603960,0.927485,0.142666,3,2,2.768
116289320,-2.602972,0.927986,0.238070,5,2,2.774
116289325,-2.606257,0.930012,0.334672,7,2,2.788
116289330,-2.606254,0.930865,0.431729,9,2,2.802
116289334,-2.599235,0.929211,0.528455,11,2,2.812
116289339,-2.609107,0.933596,0.630061,13,2,2.844
116289341,-2.596234,0.929416,-0.047434,14,2,2.758
116289343,-2.597139,0.930166,0.727987,15,2,2.856
116289366,-2.589103,0.931528,0.047329,1,2,2.752
116289371,-2.608234,0.939247,0.143085,3,2,2.776
116289376,-2.597860,0.936344,0.237896,5,2,2.772
116289380,-2.595550,0.936343,0.333697,7,2,2.780
116289385,-2.610452,0.942555,0.432981,9,2,2.810
116289389,-2.583088,0.933503,0.525784,11,2,2.798
116289394,-2.609542,0.943901,0.630961,13,2,2.848
116289396,-2.577979,0.932897,-0.047154,14,2,2.742
116289399,-2.595744,0.939742,0.728505,15,2,2.858
116289422,-2.587797,0.941018,0.047364,1,2,2.754
116289426,-2.593761,0.944020,0.142457,3,2,2.764
116289431,-2.596530,0.945862,0.238070,5,2,2.774
116289436,-2.581158,0.941091,0.332234,7,2,2.768
116289440,-2.607229,0.951434,0.432981,9,2,2.810
116289445,-2.579896,0.942289,0.525784,11,2,2.798
116289449,-2.591672,0.947424,0.627361,13,2,2.832
116289452,-2.402010,0.878476,-0.043943,14,2,2.558
116289454,-2.592530,0.948571,0.728505,15,2,2.858
116289477,-2.588329,0.951209,0.047434,1,2,2.758
116289482,-2.575527,0.947354,0.141619,3,2,2.748
116289486,-2.593279,0.954740,0.238070,5,2,2.774
116289491,-2.589092,0.954054,0.333697,7,2,2.780
116289495,-2.594677,0.956970,0.431417,9,2,2.800
116289500,-2.582161,0.953207,0.526928,11,2,2.804
116289505,-2.581076,0.953659,0.625562,13,2,2.824
116289507,-2.359572,0.872208,-0.043210,14,2,2.516
116289509,-2.581987,0.954850,0.726434,15,2,2.850
116289532,-2.583119,0.959541,0.047399,1,2,2.756
116289537,-2.572205,0.956339,0.141619,3,2,2.748
116289542,-2.586196,0.962397,0.237721,5,2,2.770
116289546,-2.578305,0.960315,0.332722,7,2,2.772
116289551,-2.580215,0.961881,0.429539,9,2,2.788
116289555,-2.584336,0.964274,0.528073,11,2,2.810
116289560,-2.575906,0.961982,0.625112,13,2,2.822
116289562,-2.347147,0.876940,-0.043036,14,2,2.506
116289565,-2.575019,0.962504,0.725399,15,2,2.846
116289588,-2.570393,0.965038,0.047224,1,2,2.746
116289592,-2.580068,0.969527,0.142247,3,2,2.760
116289597,-2.567902,0.965808,0.236327,5,2,2.754
116289601,-2.574937,0.969309,0.332722,7,2,2.772
116289606,-2.576842,0.970882,0.429539,9,2,2.788
116289611,-2.568096,0.968440,0.525402,11,2,2.796
116289613,-2.410615,0.909453,-0.132827,12,2,2.580
116289615,-2.576178,0.972344,0.626012,13,2,2.826
116289618,-2.334718,0.881596,-0.042861,14,2,2.496
116289620,-2.560801,0.967391,0.722293,15,2,2.834
116289643,-2.553921,0.969039,0.046980,1,2,2.732
116289647,-2.572934,0.977109,0.142038,3,2,2.756
116289652,-2.568239,0.976181,0.236676,5,2,2.758
116289657,-2.571538,0.978291,0.332722,7,2,2.772
116289661,-2.575283,0.980574,0.429852,9,2,2.790
116289666,-2.553692,0.973203,0.523112,11,2,2.784
116289668,-2.370101,0.903632,-0.130733,12,2,2.540
116289671,-2.574589,0.982025,0.626462,13,2,2.828
116289673,-2.339100,0.892592,-0.043001,14,2,2.504
116289675,-2.562823,0.978391,0.723846,15,2,2.840
116289698,-2.552390,0.978664,0.047015,1,2,2.734
116289703,-2.558320,0.981791,0.141410,3,2,2.744
116289707,-2.561097,0.983711,0.236327,5,2,2.754
116289712,-2.549578,0.980138,0.330284,7,2,2.752
116289717,-2.566314,0.987429,0.428914,9,2,2.784
116289721,-2.553944,0.983522,0.523875,11,2,2.788
116289726,-2.556599,0.985399,0.622862,13,2,2.812
116289728,-2.328506,0.897873,-0.042861,14,2,2.496
116289730,-2.557589,0.986635,0.723328,15,2,2.838
116289753,-2.554553,0.989734,0.047120,1,2,2.740
116289758,-2.547428,0.987827,0.140991,3,2,2.736
116289763,-2.561362,0.994087,0.236676,5,2,2.758
116289767,-2.557244,0.993345,0.331747,7,2,2.764
116289772,-2.561011,0.995665,0.428601,9,2,2.782
116289777,-2.554155,0.993855,0.524639,11,2,2.792
116289781,-2.542248,0.990074,0.620163,13,2,2.800
116289783,-2.371940,0.924145,-0.043734,14,2,2.546
116289786,-2.554130,0.995557,0.723328,15,2,2.838
116289809,-2.549220,0.997917,0.047085,1,2,2.738
116289813,-2.542105,0.995984,0.140887,3,2,2.734
116289818,-2.550457,1.000112,0.235978,5,2,2.750
116289823,-2.555609,1.002990,0.331991,7,2,2.766
116289827,-2.542810,0.998821,0.426098,9,2,2.766
116289832,-2.550670,1.002765,0.524639,11,2,2.792
116289836,-2.549657,1.003223,0.622862,13,2,2.812
116289839,-2.493368,0.981493,-0.046072,14,2,2.680
116289841,-2.539854,1.000219,0.720223,15,2,2.826
116289864,-2.532704,1.001661,0.046840,1,2,2.724
116289869,-2.536756,1.004117,0.140782,3,2,2.732
116289873,-2.535836,1.004606,0.234932,5,2,2.738
116289878,-2.548401,1.010442,0.331503,7,2,2.762
116289882,-2.546653,1.010606,0.427349,9,2,2.774
116289887,-2.536206,1.007314,0.522349,11,2,2.780
116289892,-2.540707,1.009957,0.621513,13,2,2.806
116289894,-2.528948,1.005709,-0.046805,14,2,2.722
116289896,-2.532757,1.007650,0.719187,15,2,2.822
116289919,-2.523629,1.008251,0.046736,1,2,2.718
116289924,-2.544384,1.017359,0.141410,3,2,2.744
116289929,-2.532351,1.013359,0.234932,5,2,2.738
116289933,-2.535697,1.015511,0.330284,7,2,2.752
116289938,-2.537676,1.017118,0.426411,9,2,2.768
116289942,-2.520001,1.010842,0.519678,11,2,2.766
116289947,-2.537263,1.018580,0.621513,13,2,2.806
116289949,-2.536659,1.018745,-0.047015,14,2,2.734
116289952,-2.527543,1.015489,0.718670,15,2,2.820
116289975,-2.523981,1.018111,0.046805,1,2,2.722
116289979,-2.524328,1.019062,0.140468,3,2,2.726
116289984,-2.528977,1.021751,0.234932,5,2,2.738
116289988,-2.524954,1.020938,0.329309,7,2,2.744
116289993,-2.537951,1.027009,0.427036,9,2,2.772
116289998,-2.516635,1.019193,0.519678,11,2,2.766
116290002,-2.526647,1.024060,0.619713,13,2,2.798
116290005,-2.525854,1.024145,-0.046875,14,2,2.726
116290007,-2.525951,1.024591,0.719187,15,2,2.822
116290030,-2.513175,1.023476,0.046666,1,2,2.714
116290035,-2.517214,1.025975,0.140258,3,2,2.722
116290039,-2.521847,1.028719,0.234584,5,2,2.734
116290044,-2.517826,1.027933,0.328822,7,2,2.740
116290048,-2.528978,1.033344,0.426098,9,2,2.766
116290053,-2.518611,1.029963,0.520823,11,2,2.772
116290058,-2.515925,1.029719,0.617913,13,2,2.790
116290060,-2.511235,1.028226,-0.046666,14,2,2.714
116290062,-2.522427,1.033237,0.719187,15,2,2.822
116290085,-2.513286,1.033764,0.046736,1,2,2.718
116290090,-2.517311,1.036276,0.140468,3,2,2.726
116290094,-2.514557,1.035998,0.234235,5,2,2.730
116290099,-2.517893,1.038229,0.329309,7,2,2.744
116290104,-2.518051,1.039151,0.424846,9,2,2.758
116290108,-2.516815,1.039498,0.521204,11,2,2.774
116290113,-2.512315,1.038495,0.617913,13,2,2.790
116290115,-2.500239,1.033929,-0.046526,14,2,2.706
116290118,-2.513450,1.039820,0.717634,15,2,2.816
116290141,-2.498582,1.037928,0.046526,1,2,2.706
116290145,-2.513678,1.045057,0.140468,3,2,2.726
116290150,-2.509086,1.044003,0.234061,5,2,2.728
116290154,-2.514254,1.047012,0.329309,7,2,2.744
116290159,-2.512585,1.047175,0.424533,9,2,2.756
116290164,-2.504111,1.044498,0.519296,11,2,2.764
116290168,-2.506877,1.046508,0.617464,13,2,2.788
116290170,-2.496615,1.042650,-0.046526,14,2,2.706
116290173,-2.500892,1.044864,0.715046,15,2,2.806
116290196,-2.487568,1.043549,0.046387,1,2,2.698
116290200,-2.510015,1.053825,0.140468,3,2,2.726
116290205,-2.499916,1.050440,0.233538,5,2,2.722
116290210,-2.494115,1.048856,0.327116,7,2,2.726
116290214,-2.510735,1.056705,0.424846,9,2,2.758
116290219,-2.489594,1.048660,0.517006,11,2,2.752
116290223,-2.506800,1.056766,0.618363,13,2,2.792
116290226,-2.496645,1.052913,-0.046596,14,2,2.710
116290228,-2.500790,1.055089,0.716082,15,2,2.810
116290251,-2.487592,1.053786,0.046456,1,2,2.702
116290256,-2.498966,1.059461,0.140049,3,2,2.718
116290260,-2.503570,1.062273,0.234235,5,2,2.730
116290265,-2.492266,1.058332,0.327360,7,2,2.728
116290270,-2.508849,1.066236,0.425159,9,2,2.760
116290274,-2.484112,1.056576,0.516625,11,2,2.750
116290279,-2.497717,1.063220,0.617014,13,2,2.786
116290281,-2.503994,1.066322,-0.046805,14,2,2.722
116290283,-2.493537,1.062298,0.715046,15,2,2.806
116290306,-2.485737,1.063249,0.046491,1,2,2.704
116290311,-2.491580,1.066606,0.139840,3,2,2.714
116290316,-2.499847,1.071005,0.234235,5,2,2.730
116290320,-2.488556,1.067025,0.327360,7,2,2.728
116290325,-2.490590,1.068755,0.422656,9,2,2.744
116290329,-2.480409,1.065240,0.516625,11,2,2.750
116290334,-2.479667,1.065776,0.613414,13,2,2.770
116290336,-2.485560,1.068737,-0.046526,14,2,2.706
116290339,-2.489813,1.070995,0.715046,15,2,2.806
116290362,-2.482015,1.071911,0.046491,1,2,2.704
116290366,-2.486020,1.074477,0.139735,3,2,2.712
116290371,-2.485141,1.074934,0.233189,5,2,2.718
116290376,-2.481200,1.074065,0.326872,7,2,2.724
116290380,-2.481442,1.075005,0.421718,9,2,2.738
116290385,-2.476718,1.073793,0.516625,11,2,2.750
116290387,-0.582683,0.252723,-0.031086,12,0,0.636
116290389,-2.475983,1.074308,0.613414,13,2,2.770
116290392,-2.472697,1.073300,-0.046352,14,2,2.696
116290394,-2.470171,1.072619,0.710387,15,2,2.788
116290417,-2.463687,1.073959,0.046212,1,2,2.688
116290422,-2.475027,1.079737,0.139316,3,2,2.704
116290426,-2.463209,1.075413,0.231446,5,2,2.698
116290431,-2.466616,1.077734,0.325410,7,2,2.712
116290435,-2.456050,1.073947,0.417963,9,2,2.714
116290440,-2.455063,1.074345,0.512809,11,2,2.730
116290442,-0.647686,0.283539,-0.034854,12,0,0.708
116290445,-2.465172,1.079602,0.611615,13,2,2.762
116290447,-2.469030,1.081709,-0.046352,14,2,2.696
116290449,-2.404578,1.053878,0.692270,15,2,2.718
116290472,-2.465509,1.084754,0.046317,1,2,2.694
116290477,-2.473165,1.088959,0.139421,3,2,2.706
116290482,-2.466827,1.087004,0.232143,5,2,2.706
116290486,-0.704733,0.310779,0.089471,7,0,0.776
116290495,-0.678847,0.299823,0.136152,11,0,0.756
116290498,-0.602872,0.266370,-0.032342,12,0,0.660
116290500,-2.081834,0.920179,0.515786,13,2,2.336
116290502,-0.682173,0.301639,-0.012319,14,0,0.746
116290505,-0.719056,0.318070,0.199479,15,0,0.814
116290528,-0.678047,0.301080,0.012250,1,0,0.742
116290532,-0.686261,0.304960,0.037157,3,0,0.752
116290537,-0.693604,0.308459,0.062713,5,0,0.762
116290541,-0.685536,0.305104,0.087033,7,0,0.756
116290546,-0.696530,0.310234,0.114167,9,0,0.772
116290551,-0.683202,0.304530,0.137296,11,0,0.762
116290553,-0.645741,0.287941,-0.034854,12,0,0.708
116290555,-0.683405,0.304852,0.163062,13,0,0.768
116290558,-0.681143,0.303959,-0.012319,14,0,0.746
116290560,-0.705621,0.315003,0.195855,15,0,0.800
116289256,-2.614402,0.920078,0.047678,1,28,2.772
116289260,-2.614717,0.921044,0.143085,3,33,2.776
116289265,-2.613712,0.921544,0.238767,5,31,2.782
116289270,-2.609488,0.920909,0.334672,7,5,2.788
116289274,-2.611350,0.922420,0.432042,9,31,2.804
116289279,-2.619121,0.926022,0.531889,11,30,2.830
116289283,-2.610513,0.923833,0.629611,13,30,2.842
116289286,-2.607003,0.923017,-0.047573,14,33,2.766
116289288,-2.605833,0.923030,0.729540,15,25,2.862
116289311,-2.599871,0.925176,0.047469,1,28,2.760
116289316,-2.603960,0.927485,0.142666,3,31,2.768
116289320,-2.602972,0.927986,0.238070,5,32,2.774
116289325,-2.606257,0.930012,0.334672,7,4,2.788
116289330,-2.606254,0.930865,0.431729,9,30,2.802
116289334,-2.599235,0.929211,0.528455,11,33,2.812
116289339,-2.609107,0.933596,0.630061,13,30,2.844
116289341,-2.596234,0.929416,-0.047434,14,31,2.758
116289343,-2.597139,0.930166,0.727987,15,26,2.856
116289366,-2.589103,0.931528,0.047329,1,28,2.752
116289371,-2.608234,0.939247,0.143085,3,33,2.776
116289376,-2.597860,0.936344,0.237896,5,29,2.772
116289380,-2.595550,0.936343,0.333697,7,4,2.780
116289385,-2.610452,0.942555,0.432981,9,30,2.810
116289389,-2.583088,0.933503,0.525784,11,31,2.798
116289394,-2.609542,0.943901,0.630961,13,30,2.848
116289396,-2.577979,0.932897,-0.047154,14,13,2.742
116289399,-2.595744,0.939742,0.728505,15,25,2.858
116289422,-2.587797,0.941018,0.047364,1,29,2.754
116289426,-2.593761,0.944020,0.142457,3,31,2.764
116289431,-2.596530,0.945862,0.238070,5,32,2.774
116289436,-2.581158,0.941091,0.332234,7,4,2.768
116289440,-2.607229,0.951434,0.432981,9,30,2.810
116289445,-2.579896,0.942289,0.525784,11,31,2.798
116289449,-2.591672,0.947424,0.627361,13,30,2.832
116289452,-2.402010,0.878476,-0.043943,14,7,2.558
116289454,-2.592530,0.948571,0.728505,15,25,2.858
116289477,-2.588329,0.951209,0.047434,1,29,2.758
116289482,-2.575527,0.947354,0.141619,3,33,2.748
116289486,-2.593279,0.954740,0.238070,5,32,2.774
116289491,-2.589092,0.954054,0.333697,7,4,2.780
116289495,-2.594677,0.956970,0.431417,9,31,2.800
116289500,-2.582161,0.953207,0.526928,11,32,2.804
116289505,-2.581076,0.953659,0.625562,13,30,2.824
116289507,-2.359572,0.872208,-0.043210,14,8,2.516
116289509,-2.581987,0.954850,0.726434,15,25,2.850
116289532,-2.583119,0.959541,0.047399,1,28,2.756
116289537,-2.572205,0.956339,0.141619,3,33,2.748
116289542,-2.586196,0.962397,0.237721,5,31,2.770
116289546,-2.578305,0.960315,0.332722,7,5,2.772
116289551,-2.580215,0.961881,0.429539,9,31,2.788
116289555,-2.584336,0.964274,0.528073,11,30,2.810
116289560,-2.575906,0.961982,0.625112,13,30,2.822
116289562,-2.347147,0.876940,-0.043036,14,9,2.506
116289565,-2.575019,0.962504,0.725399,15,25,2.846
116289588,-2.570393,0.965038,0.047224,1,30,2.746
116289592,-2.580068,0.969527,0.142247,3,31,2.760
116289597,-2.567902,0.965808,0.236327,5,32,2.754
116289601,-2.574937,0.969309,0.332722,7,5,2.772
116289606,-2.576842,0.970882,0.429539,9,33,2.788
116289611,-2.568096,0.968440,0.525402,11,32,2.796
116289613,-2.410615,0.909453,-0.132827,12,1,2.580
116289615,-2.576178,0.972344,0.626012,13,30,2.826
116289618,-2.334718,0.881596,-0.042861,14,12,2.496
116289620,-2.560801,0.967391,0.722293,15,25,2.834
116289643,-2.553921,0.969039,0.046980,1,28,2.732
116289647,-2.572934,0.977109,0.142038,3,33,2.756
116289652,-2.568239,0.976181,0.236676,5,33,2.758
116289657,-2.571538,0.978291,0.332722,7,5,2.772
116289661,-2.575283,0.980574,0.429852,9,34,2.790
116289666,-2.553692,0.973203,0.523112,11,32,2.784
116289668,-2.370101,0.903632,-0.130733,12,1,2.540
116289671,-2.574589,0.982025,0.626462,13,30,2.828
116289673,-2.339100,0.892592,-0.043001,14,10,2.504
116289675,-2.562823,0.978391,0.723846,15,26,2.840
116289698,-2.552390,0.978664,0.047015,1,29,2.734
116289703,-2.558320,0.981791,0.141410,3,31,2.744
116289707,-2.561097,0.983711,0.236327,5,32,2.754
116289712,-2.549578,0.980138,0.330284,7,5,2.752
116289717,-2.566314,0.987429,0.428914,9,33,2.784
116289721,-2.553944,0.983522,0.523875,11,32,2.788
116289726,-2.556599,0.985399,0.622862,13,30,2.812
116289728,-2.328506,0.897873,-0.042861,14,21,2.496
116289730,-2.557589,0.986635,0.723328,15,25,2.838
116289753,-2.554553,0.989734,0.047120,1,32,2.740
116289758,-2.547428,0.987827,0.140991,3,33,2.736
116289763,-2.561362,0.994087,0.236676,5,32,2.758
116289767,-2.557244,0.993345,0.331747,7,5,2.764
116289772,-2.561011,0.995665,0.428601,9,34,2.782
116289777,-2.554155,0.993855,0.524639,11,32,2.792
116289781,-2.542248,0.990074,0.620163,13,30,2.800
116289783,-2.371940,0.924145,-0.043734,14,6,2.546
116289786,-2.554130,0.995557,0.723328,15,24,2.838
116289809,-2.549220,0.997917,0.047085,1,29,2.738
116289813,-2.542105,0.995984,0.140887,3,34,2.734
116289818,-2.550457,1.000112,0.235978,5,31,2.750
116289823,-2.555609,1.002990,0.331991,7,6,2.766
116289827,-2.542810,0.998821,0.426098,9,34,2.766
116289832,-2.550670,1.002765,0.524639,11,33,2.792
116289836,-2.549657,1.003223,0.622862,13,30,2.812
116289839,-2.493368,0.981493,-0.046072,14,5,2.680
116289841,-2.539854,1.000219,0.720223,15,25,2.826
116289864,-2.532704,1.001661,0.046840,1,33,2.724
116289869,-2.536756,1.004117,0.140782,3,33,2.732
116289873,-2.535836,1.004606,0.234932,5,31,2.738
116289878,-2.548401,1.010442,0.331503,7,6,2.762
116289882,-2.546653,1.010606,0.427349,9,34,2.774
116289887,-2.536206,1.007314,0.522349,11,33,2.780
116289892,-2.540707,1.009957,0.621513,13,30,2.806
116289894,-2.528948,1.005709,-0.046805,14,16,2.722
116289896,-2.532757,1.007650,0.719187,15,24,2.822
116289919,-2.523629,1.008251,0.046736,1,29,2.718
116289924,-2.544384,1.017359,0.141410,3,33,2.744
116289929,-2.532351,1.013359,0.234932,5,31,2.738
116289933,-2.535697,1.015511,0.330284,7,7,2.752
116289938,-2.537676,1.017118,0.426411,9,35,2.768
116289942,-2.520001,1.010842,0.519678,11,31,2.766
116289947,-2.537263,1.018580,0.621513,13,30,2.806
116289949,-2.536659,1.018745,-0.047015,14,34,2.734
116289952,-2.527543,1.015489,0.718670,15,27,2.820
116289975,-2.523981,1.018111,0.046805,1,30,2.722
116289979,-2.524328,1.019062,0.140468,3,35,2.726
116289984,-2.528977,1.021751,0.234932,5,33,2.738
116289988,-2.524954,1.020938,0.329309,7,7,2.744
116289993,-2.537951,1.027009,0.427036,9,35,2.772
116289998,-2.516635,1.019193,0.519678,11,30,2.766
116290002,-2.526647,1.024060,0.619713,13,30,2.798
116290005,-2.525854,1.024145,-0.046875,14,33,2.726
116290007,-2.525951,1.024591,0.719187,15,24,2.822
116290030,-2.513175,1.023476,0.046666,1,29,2.714
116290035,-2.517214,1.025975,0.140258,3,35,2.722
116290039,-2.521847,1.028719,0.234584,5,32,2.734
116290044,-2.517826,1.027933,0.328822,7,7,2.740
116290048,-2.528978,1.033344,0.426098,9,35,2.766
116290053,-2.518611,1.029963,0.520823,11,33,2.772
116290058,-2.515925,1.029719,0.617913,13,32,2.790
116290060,-2.511235,1.028226,-0.046666,14,33,2.714
116290062,-2.522427,1.033237,0.719187,15,25,2.822
116290085,-2.513286,1.033764,0.046736,1,29,2.718
116290090,-2.517311,1.036276,0.140468,3,35,2.726
116290094,-2.514557,1.035998,0.234235,5,33,2.730
116290099,-2.517893,1.038229,0.329309,7,8,2.744
116290104,-2.518051,1.039151,0.424846,9,35,2.758
116290108,-2.516815,1.039498,0.521204,11,31,2.774
116290113,-2.512315,1.038495,0.617913,13,32,2.790
116290115,-2.500239,1.033929,-0.046526,14,33,2.706
116290118,-2.513450,1.039820,0.717634,15,26,2.816
116290141,-2.498582,1.037928,0.046526,1,30,2.706
116290145,-2.513678,1.045057,0.140468,3,35,2.726
116290150,-2.509086,1.044003,0.234061,5,34,2.728
116290154,-2.514254,1.047012,0.329309,7,8,2.744
116290159,-2.512585,1.047175,0.424533,9,35,2.756
116290164,-2.504111,1.044498,0.519296,11,32,2.764
116290168,-2.506877,1.046508,0.617464,13,31,2.788
116290170,-2.496615,1.042650,-0.046526,14,32,2.706
116290173,-2.500892,1.044864,0.715046,15,25,2.806
116290196,-2.487568,1.043549,0.046387,1,30,2.698
116290200,-2.510015,1.053825,0.140468,3,35,2.726
116290205,-2.499916,1.050440,0.233538,5,33,2.722
116290210,-2.494115,1.048856,0.327116,7,9,2.726
116290214,-2.510735,1.056705,0.424846,9,35,2.758
116290219,-2.489594,1.048660,0.517006,11,32,2.752
116290223,-2.506800,1.056766,0.618363,13,31,2.792
116290226,-2.496645,1.052913,-0.046596,14,31,2.710
116290228,-2.500790,1.055089,0.716082,15,25,2.810
116290251,-2.487592,1.053786,0.046456,1,30,2.702
116290256,-2.498966,1.059461,0.140049,3,35,2.718
116290260,-2.503570,1.062273,0.234235,5,32,2.730
116290265,-2.492266,1.058332,0.327360,7,9,2.728
116290270,-2.508849,1.066236,0.425159,9,35,2.760
116290274,-2.484112,1.056576,0.516625,11,31,2.750
116290279,-2.497717,1.063220,0.617014,13,32,2.786
116290281,-2.503994,1.066322,-0.046805,14,30,2.722
116290283,-2.493537,1.062298,0.715046,15,25,2.806
116290306,-2.485737,1.063249,0.046491,1,28,2.704
116290311,-2.491580,1.066606,0.139840,3,35,2.714
116290316,-2.499847,1.071005,0.234235,5,32,2.730
116290320,-2.488556,1.067025,0.327360,7,9,2.728
116290325,-2.490590,1.068755,0.422656,9,35,2.744
116290329,-2.480409,1.065240,0.516625,11,31,2.750
116290334,-2.479667,1.065776,0.613414,13,30,2.770
116290336,-2.485560,1.068737,-0.046526,14,28,2.706
116290339,-2.489813,1.070995,0.715046,15,24,2.806
116290362,-2.482015,1.071911,0.046491,1,27,2.704
116290366,-2.486020,1.074477,0.139735,3,33,2.712
116290371,-2.485141,1.074934,0.233189,5,31,2.718
116290376,-2.481200,1.074065,0.326872,7,10,2.724
116290380,-2.481442,1.075005,0.421718,9,34,2.738
116290385,-2.476718,1.073793,0.516625,11,30,2.750
116290387,-0.582683,0.252723,-0.031086,12,2,0.636
116290389,-2.475983,1.074308,0.613414,13,30,2.770
116290392,-2.472697,1.073300,-0.046352,14,25,2.696
116290394,-2.470171,1.072619,0.710387,15,23,2.788
116290417,-2.463687,1.073959,0.046212,1,25,2.688
116290422,-2.475027,1.079737,0.139316,3,27,2.704
116290426,-2.463209,1.075413,0.231446,5,27,2.698
116290431,-2.466616,1.077734,0.325410,7,9,2.712
116290435,-2.456050,1.073947,0.417963,9,23,2.714
116290440,-2.455063,1.074345,0.512809,11,24,2.730
116290442,-0.647686,0.283539,-0.034854,12,2,0.708
116290445,-2.465172,1.079602,0.611615,13,27,2.762
116290447,-2.469030,1.081709,-0.046352,14,19,2.696
116290449,-2.404578,1.053878,0.692270,15,11,2.718
116290472,-2.465509,1.084754,0.046317,1,22,2.694
116290477,-2.473165,1.088959,0.139421,3,15,2.706
116290482,-2.466827,1.087004,0.232143,5,16,2.706
116290486,-0.704733,0.310779,0.089471,7,17,0.776
116290495,-0.678847,0.299823,0.136152,11,4,0.756
116290498,-0.602872,0.266370,-0.032342,12,2,0.660
116290500,-2.081834,0.920179,0.515786,13,9,2.336
116290502,-0.682173,0.301639,-0.012319,14,10,0.746
116290505,-0.719056,0.318070,0.199479,15,1,0.814
116290528,-0.678047,0.301080,0.012250,1,36,0.742
116290532,-0.686261,0.304960,0.037157,3,14,0.752
116290537,-0.693604,0.308459,0.062713,5,15,0.762
116290541,-0.685536,0.305104,0.087033,7,18,0.756
116290546,-0.696530,0.310234,0.114167,9,6,0.772
116290551,-0.683202,0.304530,0.137296,11,6,0.762
116290553,-0.645741,0.287941,-0.034854,12,2,0.708
116290555,-0.683405,0.304852,0.163062,13,4,0.768
116290558,-0.681143,0.303959,-0.012319,14,12,0.746
116290560,-0.705621,0.315003,0.195855,15,3,0.800
116290583,-0.666016,0.298598,0.012040,1,44,0.730
116290587,-0.686984,0.308239,0.037261,3,16,0.754
116290592,-0.681585,0.306054,0.061667,5,19,0.750
116290597,-0.688053,0.309199,0.087521,7,24,0.760
116290601,-0.679191,0.305454,0.111352,9,7,0.754
116290606,-0.683886,0.307805,0.137678,11,7,0.764
116290608,-0.644694,0.290278,-0.034854,12,2,0.708
116290610,-0.682295,0.307328,0.163062,13,6,0.768
116290613,-0.665450,0.299857,-0.012040,14,15,0.730
116290615,-0.690383,0.311212,0.191714,15,4,0.784
116290638,-0.677722,0.306692,0.012285,1,48,0.744
116290643,-0.678627,0.307339,0.036843,3,19,0.746
116290647,-0.685957,0.310899,0.062190,5,21,0.756
116290652,-0.683354,0.309959,0.087033,7,37,0.756
116290657,-0.676322,0.307007,0.111039,9,9,0.752
116290661,-0.681020,0.309379,0.137296,11,9,0.762
116290663,-0.614584,0.279305,-0.033179,12,2,0.676
116290666,-0.663478,0.301642,0.158563,13,8,0.748
116290668,-0.662579,0.301350,-0.012005,14,18,0.728
116290670,-0.671709,0.305620,0.186538,15,7,0.764
116290693,-0.669372,0.305733,0.012145,1,56,0.736
116290698,-0.684816,0.313027,0.037261,3,18,0.754
116290703,-0.681243,0.311634,0.061841,5,23,0.752
116290707,-0.693098,0.317300,0.088496,7,42,0.768
116290712,-0.696797,0.319239,0.114793,9,15,0.776
116290716,-0.678152,0.310936,0.136915,11,12,0.760
116290719,-0.675328,0.309760,-0.036738,12,2,0.744
116290721,-0.681904,0.312896,0.163512,13,11,0.770
116290723,-0.668793,0.306998,-0.012145,14,22,0.736
116290726,-0.675904,0.310381,0.188091,15,13,0.770
116290749,-0.671933,0.309741,0.012215,1,67,0.740
116290753,-0.698228,0.322109,0.038099,3,34,0.770
116290758,-0.687387,0.317351,0.062538,5,36,0.760
116290763,-0.690184,0.318885,0.088252,7,60,0.766
116290767,-0.690299,0.319182,0.113855,9,36,0.770
116290772,-0.668154,0.309179,0.135007,11,34,0.750
116290774,-0.652493,0.302047,-0.035482,12,2,0.720
116290776,-0.694955,0.321826,0.167112,13,17,0.786
116290779,-0.671346,0.311011,-0.012215,14,55,0.740
116290781,-0.681828,0.315988,0.190161,15,24,0.778
116290804,-0.674475,0.313770,0.012285,1,100,0.744
116290809,-0.691671,0.322008,0.037785,3,88,0.764
116290813,-0.689893,0.321418,0.062887,5,94,0.764
116290818,-0.683677,0.318758,0.087521,7,100,0.760
116290822,-0.689192,0.321568,0.113855,9,63,0.770
116290827,-0.668862,0.312313,0.135388,11,67,0.752
116290829,-0.656877,0.306830,-0.035796,12,4,0.726
116290832,-0.681484,0.318442,0.163962,13,47,0.772
116290834,-0.692011,0.323481,-0.012634,14,100,0.764
116290836,-0.680738,0.318329,0.190161,15,48,0.778
116290859,-0.680644,0.319462,0.012424,1,50,0.752
116290864,-0.672493,0.315869,0.036738,3,100,0.744
116290869,-0.683386,0.321222,0.062364,5,100,0.758
116290873,-0.671811,0.316014,0.086058,7,100,0.748
116290878,-0.688093,0.323911,0.113855,9,74,0.770
116290882,-0.674899,0.317934,0.136915,11,82,0.760
116290885,-0.659442,0.310767,-0.036005,12,4,0.730
116290887,-0.680396,0.320760,0.163962,13,69,0.772
116290889,-0.669202,0.315598,-0.012215,14,100,0.740
116290892,-0.686639,0.323941,0.192232,15,58,0.786
116290915,-0.675937,0.320067,0.012354,1,45,0.748
116290919,-0.669606,0.317308,0.036633,3,100,0.742
116290924,-0.676882,0.320997,0.061841,5,100,0.752
116290928,-0.674310,0.320018,0.086546,7,31,0.752
116290933,-0.674486,0.320341,0.111664,9,83,0.756
116290938,-0.675573,0.321099,0.137296,11,84,0.762
116290940,-0.649348,0.308750,-0.035482,12,4,0.720
116290942,-0.679285,0.323105,0.163962,13,81,0.772
116290945,-0.664496,0.316190,-0.012145,14,100,0.736
116290947,-0.682027,0.324653,0.191196,15,66,0.782
116290970,-0.669402,0.319839,0.012250,1,47,0.742
116290974,-0.672098,0.321366,0.036843,3,100,0.746
116290979,-0.672163,0.321638,0.061492,5,100,0.748
116290984,-0.687512,0.329228,0.088496,7,32,0.768
116290988,-0.680489,0.326109,0.112916,9,76,0.764
116290993,-0.672678,0.322606,0.136915,11,79,0.760
116290995,-0.651868,0.312743,-0.035691,12,2,0.724
116290998,-0.681667,0.327161,0.164862,13,78,0.776
116291000,-0.645362,0.309852,-0.011796,14,100,0.716
116291002,-0.673924,0.323686,0.189126,15,60,0.774
116291025,-0.657474,0.316963,0.012040,1,45,0.730
116291030,-0.687161,0.331521,0.037785,3,100,0.764
116291034,-0.674625,0.325715,0.061841,5,100,0.752
116291039,-0.673847,0.325581,0.086789,7,100,0.754
116291044,-0.672233,0.325042,0.111664,9,60,0.756
116291048,-0.668014,0.323242,0.136152,11,72,0.756
116291051,-0.675941,0.327199,-0.037157,12,2,0.752
116291053,-0.682275,0.330388,0.165312,13,66,0.778
116291055,-0.649675,0.314718,-0.011901,14,81,0.722
116291057,-0.674528,0.326879,0.189644,15,53,0.776
116291080,-0.670750,0.326253,0.012319,1,36,0.746
116291085,-0.680613,0.331295,0.037471,3,92,0.758
116291090,-0.675275,0.328940,0.062015,5,100,0.754
116291094,-0.663784,0.323582,0.085571,7,100,0.744
116291099,-0.687073,0.335182,0.114480,9,72,0.774
116291104,-0.659824,0.322127,0.134625,11,84,0.748
116291106,-0.635312,0.310274,-0.034854,12,2,0.708
116291108,-0.682868,0.333623,0.165762,13,71,0.780
116291110,-0.641386,0.313472,-0.011761,14,100,0.714
116291113,-0.675118,0.330080,0.190161,15,60,0.778
116291136,-0.669607,0.328593,0.012319,1,45,0.746
116291140,-0.663317,0.325746,0.036529,3,100,0.740
116291145,-0.672334,0.330417,0.061841,5,100,0.752
116291150,-0.666213,0.327649,0.086058,7,100,0.748
116291154,-0.673492,0.331472,0.112290,9,76,0.760
116291159,-0.665741,0.327898,0.136152,11,81,0.756
116291161,-0.655724,0.323083,-0.036110,12,2,0.732
116291163,-0.672960,0.331697,0.163512,13,79,0.770
116291166,-0.640288,0.315709,-0.011761,14,97,0.714
116291168,-0.679160,0.334998,0.191714,15,63,0.784
116291191,-0.661287,0.327379,0.012180,1,39,0.738
116291196,-0.669335,0.331606,0.036947,3,100,0.748
116291200,-0.664037,0.329221,0.061144,5,100,0.744
116291205,-0.672179,0.333502,0.087033,7,100,0.756
116291209,-0.670561,0.332943,0.111977,9,77,0.758
116291214,-0.671625,0.333714,0.137678,11,79,0.764
116291216,-0.586629,0.291588,-0.032132,12,2,0.656
116291219,-0.661328,0.328838,0.160813,13,80,0.758
116291221,-0.621278,0.309036,-0.011412,14,65,0.694
116291223,-0.669339,0.333064,0.189126,15,61,0.774
116291246,-0.658352,0.328792,0.012145,1,100,0.736
116291251,-0.668173,0.333940,0.036947,3,48,0.748
116291256,-0.671793,0.335993,0.062015,5,49,0.754
116291260,-0.671010,0.335846,0.087033,7,56,0.756
116291265,-0.664097,0.332627,0.111039,9,83,0.752
116291269,-0.663435,0.332537,0.136152,11,79,0.756
116291272,-0.632028,0.316910,-0.034854,12,2,0.708
116291274,-0.672370,0.337260,0.163962,13,71,0.772
116291276,-0.598748,0.300441,-0.010993,14,31,0.670
116291279,-0.668172,0.335398,0.189126,15,60,0.774
116291302,-0.644699,0.324790,0.011901,1,58,0.722
116291306,-0.675921,0.340766,0.037471,3,18,0.758
116291311,-0.672395,0.339234,0.062190,5,23,0.756
116291315,-0.669834,0.338186,0.087033,7,50,0.756
116291320,-0.673510,0.340288,0.112916,9,81,0.764
116291325,-0.655262,0.331308,0.134625,11,87,0.748
116291329,-0.674666,0.341365,0.164862,13,78,0.776
116291332,-0.603048,0.305238,-0.011098,14,27,0.676
116291334,-0.663550,0.335983,0.188091,15,66,0.770
116291357,-0.652475,0.331568,0.012075,1,50,0.732
116291362,-0.671166,0.341313,0.037261,3,18,0.754
116291366,-0.669431,0.340675,0.062015,5,18,0.754
116291371,-0.666880,0.339622,0.086789,7,37,0.754
116291375,-0.674078,0.343534,0.113229,9,75,0.766
116291380,-0.654102,0.333593,0.134625,11,89,0.748
116291385,-0.663056,0.338403,0.162163,13,85,0.764
116291387,-0.598417,0.305523,-0.011028,14,28,0.672
116291389,-0.670975,0.342691,0.190679,15,68,0.780
116291412,-0.649534,0.332932,0.012040,1,38,0.730
116291417,-0.659308,0.338184,0.036633,3,17,0.742
116291421,-0.668238,0.343010,0.062015,5,15,0.754
116291426,-0.663925,0.341040,0.086546,7,31,0.752
116291431,-0.657063,0.337757,0.110413,9,72,0.748
116291435,-0.656425,0.337670,0.135388,11,81,0.752
116291440,-0.654940,0.337147,0.160363,13,87,0.756
116291442,-0.597346,0.307610,-0.011028,14,26,0.672
116291445,-0.668058,0.344146,0.190161,15,60,0.778
116291468,-0.644815,0.333360,0.011970,1,31,0.726
116291472,-0.658124,0.340483,0.036633,3,17,0.742
116291477,-0.659959,0.341676,0.061318,5,19,0.746
116291481,-0.673306,0.348835,0.088008,7,24,0.764
116291486,-0.661141,0.342776,0.111352,9,57,0.754
116291491,-0.662213,0.343576,0.136915,11,72,0.760
116291495,-0.655488,0.340330,0.160813,13,80,0.758
116291497,-0.599818,0.311536,-0.011098,14,25,0.676
116291500,-0.658281,0.342023,0.187573,15,47,0.768
116291523,-0.647194,0.337458,0.012040,1,38,0.730
116291527,-0.664014,0.346474,0.037052,3,17,0.750
116291532,-0.655230,0.342134,0.060970,5,19,0.742
116291537,-0.665047,0.347506,0.087033,7,25,0.756
116291541,-0.665192,0.347828,0.112290,9,59,0.760
116291546,-0.662749,0.346796,0.137296,11,45,0.762
116291550,-0.664655,0.348040,0.163512,13,40,0.770
116291553,-0.605813,0.317340,-0.011237,14,27,0.684
116291555,-0.663928,0.347905,0.189644,15,19,0.776
116291578,-0.642472,0.337854,0.011970,1,38,0.726
116291583,-0.669871,0.352511,0.037471,3,16,0.758
116291587,-0.650506,0.342562,0.060621,5,19,0.738
116291592,-0.656805,0.346123,0.086058,7,31,0.748
116291597,-0.667469,0.351991,0.112916,9,59,0.764
116291601,-0.661535,0.349107,0.137296,11,21,0.762
116291606,-0.678945,0.358548,0.167561,13,17,0.788
116291608,-0.604701,0.319453,-0.011237,14,27,0.684
116291610,-0.671249,0.354734,0.192232,15,13,0.786
116291633,-0.634222,0.336347,0.011831,1,39,0.718
116291638,-0.661579,0.351102,0.037052,3,17,0.750
116291643,-0.656345,0.348569,0.061318,5,19,0.746
116291647,-0.659099,0.350277,0.086546,7,31,0.752
116291652,-0.667980,0.355246,0.113229,9,58,0.766
116291656,-0.660312,0.351414,0.137296,11,15,0.762
116291661,-0.670809,0.357251,0.165762,13,14,0.780
116291663,-0.607112,0.323442,-0.011307,14,27,0.688
116291666,-0.676826,0.360709,0.194302,15,11,0.794
116291689,-0.640098,0.342331,0.011970,1,38,0.726
116291693,-0.649784,0.347754,0.036424,3,19,0.738
116291698,-0.658637,0.352739,0.061667,5,19,0.750
116291703,-0.657872,0.352575,0.086546,7,31,0.752
116291707,-0.661513,0.354775,0.112290,9,61,0.760
116291712,-0.667731,0.358359,0.139205,11,10,0.772
116291716,-0.669558,0.359591,0.165762,13,11,0.780
116291719,-0.602456,0.323666,-0.011237,14,27,0.684
116291721,-0.677265,0.363984,0.194820,15,4,0.796
116291744,-0.642419,0.346462,0.012040,1,38,0.730
116291749,-0.645051,0.348123,0.036215,3,19,0.734
116291753,-0.657402,0.355036,0.061667,5,19,0.750
116291758,-0.656637,0.354870,0.086546,7,31,0.752
116291762,-0.655058,0.354263,0.111352,9,64,0.754
116291767,-0.659569,0.356950,0.137678,11,7,0.764
116291772,-0.678580,0.367494,0.168461,13,6,0.792
116291774,-0.594290,0.321957,-0.011098,14,27,0.676
116291776,-0.669196,0.362664,0.192749,15,3,0.788
116291799,-0.634179,0.344881,0.011901,1,39,0.722
116291804,-0.657866,0.358010,0.037052,3,19,0.750
116291809,-0.649159,0.353517,0.060970,5,19,0.742
116291813,-0.651908,0.355260,0.086058,7,31,0.748
116291818,-0.659021,0.359384,0.112290,9,65,0.760
116291822,-0.661766,0.361131,0.138441,11,6,0.768
116291827,-0.663610,0.362388,0.164862,13,4,0.776
116291829,-0.596672,0.325947,-0.011168,14,27,0.680
116291832,-0.671317,0.366850,0.193785,15,3,0.792
116291855,-0.629464,0.345169,0.011831,1,46,0.718
116291859,-0.653111,0.358383,0.036843,3,19,0.746
116291864,-0.644428,0.353863,0.060621,5,19,0.738
116291868,-0.654144,0.359445,0.086546,7,31,0.752
116291873,-0.657762,0.361682,0.112290,9,61,0.760
116291878,-0.670822,0.369118,0.140731,11,6,0.780
116291882,-0.674291,0.371282,0.168011,13,3,0.790
116291885,-0.599034,0.329957,-0.011237,14,27,0.684
116291887,-0.685260,0.377582,0.198443,15,3,0.810
116291910,-0.624816,0.345320,0.011761,1,46,0.714
116291914,-0.648423,0.358613,0.036633,3,19,0.742
116291919,-0.650224,0.359857,0.061318,5,19,0.746
116291924,-0.644265,0.356804,0.085327,7,39,0.742
116291928,-0.660015,0.365777,0.112916,9,65,0.764
116291933,-0.645557,0.358010,0.135388,11,6,0.752
116291937,-0.661128,0.366897,0.164862,13,4,0.776
116291940,-0.604930,0.335824,-0.011377,14,27,0.692
116291942,-0.680626,0.377977,0.197408,15,3,0.806
116291965,-0.634087,0.353339,0.011970,1,44,0.726
116291970,-0.645423,0.359902,0.036529,3,19,0.740
116291974,-0.648964,0.362124,0.061318,5,22,0.746
116291979,-0.649949,0.362922,0.086302,7,38,0.750
116291984,-0.653560,0.365188,0.111977,9,66,0.758
116291988,-0.647731,0.362178,0.136152,11,6,0.756
116291993,-0.644538,0.360639,0.160813,13,3,0.758
116291995,-0.593284,0.332074,-0.011168,14,30,0.680
116291997,-0.665818,0.372800,0.193267,15,3,0.790
116292020,-0.636337,0.357509,0.012040,1,44,0.730
116292025,-0.644163,0.362153,0.036529,3,19,0.740
116292030,-0.645960,0.363410,0.061144,5,22,0.744
116292034,-0.652138,0.367136,0.086789,7,37,0.754
116292039,-0.647119,0.364558,0.111039,9,65,0.752
116292043,-0.653303,0.368293,0.137678,11,6,0.764
116292048,-0.660248,0.372461,0.165312,13,3,0.778
116292050,-0.590380,0.333160,-0.011133,14,30,0.678
116292053,-0.666195,0.376071,0.193785,15,3,0.792
116292076,-0.626385,0.354801,0.011866,1,52,0.720
116292080,-0.646370,0.366369,0.036738,3,19,0.744
116292085,-0.637755,0.361731,0.060447,5,22,0.736
116292090,-0.650852,0.369410,0.086789,7,37,0.754
116292094,-0.649277,0.368766,0.111664,9,69,0.756
116292099,-0.645186,0.366691,0.136152,11,7,0.756
116292103,-0.648780,0.368983,0.162613,13,3,0.766
116292106,-0.590951,0.336208,-0.011168,14,27,0.680
116292108,-0.666557,0.379350,0.194302,15,3,0.794
116292131,-0.625143,0.356985,0.011866,1,52,0.720
116292136,-0.650289,0.371596,0.037052,3,19,0.750
116292140,-0.643407,0.367911,0.061144,5,22,0.744
116292145,-0.646113,0.369708,0.086302,7,38,0.750
116292149,-0.651415,0.372993,0.112290,9,69,0.760
116292154,-0.643902,0.368941,0.136152,11,9,0.756
116292159,-0.650870,0.373184,0.163512,13,3,0.770
116292161,-0.591509,0.339263,-0.011203,14,30,0.682
116292163,-0.668580,0.383597,0.195338,15,3,0.798
116292186,-0.623893,0.359165,0.011866,1,52,0.720
116292191,-0.643796,0.370872,0.036738,3,21,0.744
116292196,-0.642119,0.370155,0.061144,5,22,0.744
116292200,-0.634501,0.366010,0.084840,7,39,0.738
116292205,-0.650109,0.375265,0.112290,9,69,0.760
116292209,-0.639211,0.369222,0.135388,11,7,0.752
116292214,-0.661373,0.382280,0.166662,13,4,0.784
116292216,-0.595514,0.344329,-0.011307,14,27,0.688
116292219,-0.662220,0.383027,0.193785,15,3,0.792
116292242,-0.626095,0.363348,0.011936,1,52,0.724
116292246,-0.632135,0.367099,0.036110,3,23,0.732
116292251,-0.647713,0.376398,0.061841,5,23,0.752
116292255,-0.643516,0.374210,0.086302,7,38,0.750
116292260,-0.641965,0.373558,0.111039,9,69,0.752
116292265,-0.649794,0.378366,0.138060,11,9,0.766
116292267,-0.524652,0.305600,-0.029620,12,2,0.608
116292269,-0.631411,0.367908,0.159013,13,3,0.750
116292272,-0.590854,0.344391,-0.011237,14,27,0.684
116292274,-0.677568,0.395067,0.198961,15,1,0.812
116292297,-0.631727,0.369570,0.012075,1,56,0.732
116292301,-0.637744,0.373340,0.036529,3,23,0.740
116292306,-0.636081,0.372615,0.060795,5,24,0.740
116292311,-0.635356,0.372438,0.085327,7,45,0.742
116292315,-0.642361,0.376796,0.111352,9,72,0.754
116292320,-0.650162,0.381626,0.138441,11,9,0.768
116292322,-0.499470,0.293272,-0.028155,12,2,0.580
116292325,-0.643565,0.378005,0.162613,13,3,0.766
116292327,-0.582751,0.342400,-0.011098,14,30,0.676
116292329,-0.664527,0.390577,0.195338,15,3,0.798
116292352,-0.613208,0.361616,0.011726,1,60,0.712
116292357,-0.641597,0.378609,0.036843,3,23,0.746
116292361,-0.636492,0.375846,0.060970,5,24,0.742
116292366,-0.647724,0.382732,0.087277,7,36,0.758
116292371,-0.630840,0.373003,0.109474,9,81,0.742
116292375,-0.643757,0.380894,0.137296,11,9,0.762
116292378,-0.522506,0.309255,-0.029620,12,2,0.608
116292380,-0.650626,0.385214,0.164862,13,4,0.776
116292382,-0.581553,0.344432,-0.011098,14,30,0.676
116292384,-0.649863,0.385017,0.191196,15,3,0.782
116292407,-0.611942,0.363754,0.011726,1,60,0.712
116292412,-0.636839,0.378804,0.036633,3,25,0.742
116292417,-0.631752,0.376027,0.060621,5,24,0.738
116292421,-0.634446,0.377880,0.085571,7,44,0.744
116292426,-0.631231,0.376215,0.109787,9,85,0.744
116292431,-0.630621,0.376100,0.134625,11,9,0.748
116292433,-0.497410,0.296752,-0.028155,12,2,0.580
116292435,-0.644257,0.384486,0.163512,13,3,0.770
116292437,-0.578630,0.345435,-0.011063,14,31,0.674
116292440,-0.651832,0.389264,0.192232,15,3,0.786
116292463,-0.620962,0.372052,0.011936,1,58,0.724
116292467,-0.630378,0.377937,0.036319,3,25,0.736
116292472,-0.633859,0.380269,0.060970,5,24,0.742
116292477,-0.629728,0.378033,0.085083,7,45,0.740
116292481,-0.635006,0.381447,0.110726,9,83,0.750
116292486,-0.632685,0.380296,0.135388,11,9,0.752
116292488,-0.434764,0.261414,-0.024387,12,3,0.508
116292490,-0.637920,0.383689,0.162163,13,5,0.764
116292493,-0.579152,0.348454,-0.011098,14,35,0.676
116292495,-0.662077,0.398475,0.195855,15,3,0.800
116292518,-0.612845,0.370029,0.011796,1,59,0.716
116292523,-0.625669,0.378014,0.036110,3,25,0.732
116292527,-0.632562,0.382424,0.060970,5,24,0.742
116292532,-0.638629,0.386339,0.086546,7,43,0.752
116292536,-0.620185,0.375422,0.108223,9,86,0.734
116292541,-0.638104,0.386516,0.136915,11,7,0.760
116292543,-0.519280,0.314642,-0.029620,12,2,0.608
116292546,-0.624945,0.378787,0.159013,13,3,0.750
116292548,-0.574543,0.348349,-0.011028,14,36,0.672
116292550,-0.655762,0.397720,0.194302,15,3,0.794
116292573,-0.618414,0.376272,0.011936,1,58,0.724
116292578,-0.626081,0.381187,0.036215,3,27,0.734
116292583,-0.631249,0.384586,0.060970,5,24,0.742
116292587,-0.630521,0.384393,0.085571,7,44,0.744
116292592,-0.627324,0.382695,0.109787,9,90,0.744
116292596,-0.636769,0.388711,0.136915,11,7,0.760
116292601,-0.608667,0.371799,0.154964,13,5,0.732
116292603,-0.576748,0.352417,-0.011098,14,35,0.676
116292606,-0.667569,0.408046,0.198443,15,3,0.810
116292629,-0.611982,0.375293,0.011831,1,66,0.718
116292633,-0.623044,0.382325,0.036110,3,27,0.732
116292638,-0.616320,0.378446,0.059575,5,25,0.726
116292642,-0.639323,0.392827,0.087033,7,43,0.756
116292647,-0.625984,0.384882,0.109787,9,90,0.744
116292652,-0.635408,0.390931,0.136915,11,7,0.760
116292654,-0.493272,0.303581,-0.028155,12,2,0.580
116292656,-0.647192,0.398441,0.165762,13,4,0.780
116292659,-0.590839,0.363866,-0.011412,14,40,0.694
116292661,-0.661206,0.407334,0.196891,15,3,0.804
116292684,-0.607267,0.375324,0.011761,1,66,0.714
116292689,-0.626801,0.387650,0.036424,3,31,0.738
116292693,-0.621772,0.384789,0.060272,5,27,0.734
116292698,-0.631197,0.390876,0.086058,7,51,0.748
116292702,-0.627995,0.389146,0.110413,9,92,0.748
116292707,-0.624029,0.386939,0.134625,11,8,0.748
116292709,-0.515971,0.320040,-0.029620,12,2,0.608
116292712,-0.632550,0.392478,0.162163,13,5,0.764
116292714,-0.598061,0.371199,-0.011586,14,38,0.704
116292716,-0.654857,0.406582,0.195338,15,3,0.798
116292739,-0.612742,0.381670,0.011901,1,71,0.722
116292744,-0.622054,0.387722,0.036215,3,31,0.734
116292748,-0.628878,0.392229,0.061144,5,27,0.744
116292753,-0.626461,0.390975,0.085571,7,51,0.744
116292758,-0.629984,0.393428,0.111039,9,83,0.752
116292762,-0.629334,0.393277,0.136152,11,7,0.756
116292765,-0.430171,0.268905,-0.024387,12,3,0.508
116292767,-0.636134,0.397783,0.163512,13,4,0.770
116292769,-0.610324,0.381768,-0.011866,14,42,0.720
116292772,-0.643607,0.402717,0.192232,15,3,0.786
116292795,-0.609712,0.382744,0.011866,1,71,0.720
116292799,-0.613932,0.385642,0.035796,3,33,0.726
116292804,-0.627505,0.394422,0.061144,5,27,0.744
116292808,-0.625092,0.393159,0.085571,7,51,0.744
116292813,-0.620247,0.390364,0.109474,9,100,0.742
116292818,-0.624635,0.393379,0.135388,11,7,0.752
116292820,-0.513724,0.323634,-0.029620,12,2,0.608
116292822,-0.629795,0.396885,0.162163,13,5,0.764
116292824,-0.607296,0.382830,-0.011831,14,47,0.718
116292827,-0.648734,0.409083,0.194302,15,1,0.794
116292850,-0.613442,0.388077,0.011970,1,76,0.726
116292854,-0.619333,0.392056,0.036215,3,36,0.734
116292859,-0.619392,0.392345,0.060447,5,27,0.736
116292864,-0.627070,0.397464,0.086058,7,51,0.748
116292868,-0.612208,0.388294,0.108223,9,100,0.734
116292873,-0.626573,0.397661,0.136152,11,7,0.756
116292875,-0.488985,0.310439,-0.028155,12,2,0.580
116292877,-0.618536,0.392812,0.159463,13,5,0.752
116292880,-0.605956,0.384947,-0.011831,14,56,0.718
116292882,-0.635889,0.404092,0.190679,15,3,0.780
116292905,-0.607027,0.386989,0.011866,1,91,0.720
116292910,-0.626384,0.399579,0.036738,3,44,0.744
116292914,-0.611308,0.390206,0.059749,5,31,0.728
116292919,-0.629034,0.401772,0.086546,7,50,0.752
116292924,-0.614191,0.392537,0.108849,9,95,0.738
116292928,-0.621889,0.397705,0.135388,11,7,0.752
116292930,-0.511466,0.327191,-0.029620,12,2,0.608
116292933,-0.628669,0.402292,0.162613,13,4,0.766
116292935,-0.616418,0.394576,-0.012075,14,54,0.732
116292937,-0.637750,0.408358,0.191714,15,3,0.784
116292960,-0.595611,0.382568,0.011656,1,94,0.708
116292965,-0.625020,0.401708,0.036738,3,44,0.744
116292970,-0.616679,0.396595,0.060447,5,30,0.736
116292974,-0.617647,0.397465,0.085083,7,58,0.740
116292979,-0.622817,0.401041,0.110726,9,95,0.750
116292983,-0.617231,0.397693,0.134625,11,8,0.748
116292986,-0.510350,0.328929,-0.029620,12,2,0.608
116292988,-0.643675,0.414989,0.167112,13,4,0.786
116292990,-0.618432,0.398839,-0.012145,14,56,0.736
116292993,-0.642850,0.414716,0.193785,15,3,0.792
116293016,-0.602699,0.390028,0.011831,1,100,0.718
116293020,-0.616939,0.399498,0.036319,3,46,0.736
116293025,-0.610303,0.395452,0.059924,5,37,0.730
116293030,-0.614615,0.398501,0.084840,7,58,0.738
116293034,-0.621435,0.403179,0.110726,9,95,0.750
116293039,-0.619151,0.401954,0.135388,11,7,0.752
116293041,-0.472362,0.306755,-0.027317,12,3,0.564
116293043,-0.619361,0.402346,0.160813,13,5,0.758
116293046,-0.622081,0.404242,-0.012250,14,59,0.742
116293048,-0.633314,0.411672,0.191196,15,3,0.782
116293071,-0.597983,0.389944,0.011761,1,100,0.714
116293076,-0.608850,0.397283,0.035901,3,46,0.728
116293080,-0.612255,0.399759,0.060272,5,35,0.734
116293085,-0.613221,0.400644,0.084840,7,58,0.738
116293089,-0.613410,0.401022,0.109474,9,98,0.742
116293094,-0.630888,0.412711,0.138441,11,7,0.768
116293096,-0.484658,0.317151,-0.028155,12,2,0.580
116293099,-0.616322,0.403438,0.160363,13,5,0.756
116293101,-0.610629,0.399838,-0.012040,14,67,0.730
116293103,-0.639953,0.419172,0.193785,15,3,0.792
116293126,-0.606646,0.398618,0.011970,1,100,0.726
116293131,-0.612466,0.402698,0.036215,3,48,0.734
116293136,-0.600869,0.395323,0.059226,5,37,0.722
116293140,-0.615134,0.404965,0.085327,7,58,0.742
116293145,-0.608707,0.400988,0.108849,9,100,0.738
116293149,-0.622887,0.410588,0.136915,11,7,0.760
116293152,-0.526901,0.347427,-0.030876,12,2,0.632
116293154,-0.623044,0.410952,0.162613,13,4,0.766
116293156,-0.599214,0.395359,-0.011831,14,67,0.718
116293159,-0.638486,0.421404,0.193785,15,3,0.792
116293182,-0.595246,0.394110,0.011761,1,100,0.714
116293186,-0.611057,0.404833,0.036215,3,48,0.734
116293191,-0.601146,0.398519,0.059401,5,40,0.724
116293195,-0.620334,0.411499,0.086302,7,57,0.750
116293200,-0.607304,0.403110,0.108849,9,100,0.738
116293205,-0.618179,0.410588,0.136152,11,7,0.756
116293207,-0.475778,0.316106,-0.027736,12,2,0.572
116293209,-0.631343,0.419596,0.165312,13,4,0.778
116293212,-0.601161,0.399663,-0.011901,14,72,0.722
116293214,-0.633794,0.421490,0.192749,15,3,0.788
116293237,-0.592202,0.395077,0.011726,1,100,0.712
116293241,-0.616280,0.411406,0.036633,3,53,0.742
116293246,-0.598088,0.399519,0.059226,5,46,0.722
116293251,-0.610632,0.408162,0.085083,7,58,0.740
116293255,-0.612448,0.409640,0.110100,9,100,0.746
116293260,-0.616726,0.412768,0.136152,11,7,0.756
116293262,-0.491254,0.328897,-0.028783,12,2,0.592
116293264,-0.629855,0.421827,0.165312,13,4,0.778
116293267,-0.608049,0.407354,-0.012075,14,81,0.732
116293269,-0.622667,0.417282,0.189644,15,3,0.776
116293292,-0.592444,0.398309,0.011761,1,100,0.714
116293297,-0.609833,0.410264,0.036319,3,57,0.736
116293301,-0.604918,0.407220,0.060098,5,51,0.732
116293306,-0.609167,0.410344,0.085083,7,58,0.740
116293311,-0.610978,0.411829,0.110100,9,100,0.746
116293315,-0.611989,0.412776,0.135388,11,7,0.752
116293317,-0.490074,0.330653,-0.028783,12,2,0.592
116293320,-0.613804,0.414266,0.161263,13,5,0.760
116293322,-0.614874,0.415122,-0.012250,14,80,0.742
116293324,-0.622771,0.420588,0.190161,15,3,0.778
116293347,-0.594328,0.402668,0.011831,1,100,0.718
116293352,-0.600100,0.406833,0.035796,3,65,0.726
116293357,-0.605114,0.410489,0.060272,5,52,0.734
116293361,-0.602778,0.409161,0.084352,7,66,0.734
116293366,-0.604612,0.410662,0.109162,9,100,0.740
116293370,-0.613773,0.417146,0.136152,11,7,0.756
116293373,-0.488903,0.332383,-0.028783,12,2,0.592
116293375,-0.601058,0.408760,0.158113,13,5,0.746
116293377,-0.606793,0.412789,-0.012110,14,85,0.734
116293380,-0.638853,0.434735,0.195855,15,3,0.800
116293403,-0.594570,0.405867,0.011866,1,100,0.720
116293407,-0.601974,0.411178,0.036005,3,61,0.730
116293412,-0.592163,0.404729,0.059052,5,51,0.720
116293417,-0.609539,0.416866,0.085571,7,63,0.744
116293421,-0.599914,0.410539,0.108536,9,100,0.736
116293426,-0.612313,0.419286,0.136152,11,7,0.756
116293428,-0.487739,0.334087,-0.028783,12,2,0.592
116293430,-0.609273,0.417464,0.160813,13,5,0.758
116293433,-0.598750,0.410382,-0.011970,14,85,0.726
116293435,-0.619805,0.424946,0.190161,15,3,0.778
116293458,-0.589855,0.405674,0.011796,1,100,0.716
116293463,-0.605471,0.416674,0.036319,3,65,0.736
116293467,-0.590746,0.406794,0.059052,5,48,0.720
116293472,-0.611350,0.421243,0.086058,7,63,0.748
116293476,-0.600104,0.413752,0.108849,9,100,0.738
116293481,-0.601150,0.414731,0.133862,11,8,0.744
116293483,-0.499721,0.344863,-0.029620,12,2,0.608
116293486,-0.609415,0.420695,0.161263,13,5,0.760
116293488,-0.603896,0.417015,-0.012110,14,83,0.734
116293490,-0.624676,0.431499,0.192232,15,3,0.786
116293513,-0.578573,0.400897,0.011586,1,100,0.704
116293518,-0.607296,0.421061,0.036529,3,70,0.740
116293523,-0.590960,0.409989,0.059226,5,57,0.722
116293527,-0.601722,0.417715,0.084840,7,65,0.738
116293532,-0.600278,0.416971,0.109162,9,100,0.740
116293536,-0.596474,0.414586,0.133099,11,8,0.740
116293539,-0.498514,0.346605,-0.029620,12,2,0.608
116293541,-0.611143,0.425045,0.162163,13,7,0.764
116293543,-0.602437,0.419120,-0.012110,14,96,0.734
116293546,-0.616824,0.429263,0.190161,15,3,0.778
116293569,-0.578813,0.404054,0.011621,1,100,0.706
116293573,-0.607469,0.424308,0.036633,3,72,0.742
116293578,-0.594439,0.415452,0.059749,5,60,0.728
116293582,-0.595401,0.416369,0.084108,7,66,0.732
116293587,-0.608558,0.425820,0.111039,9,96,0.752
116293592,-0.601490,0.421122,0.134625,11,8,0.748
116293594,-0.497331,0.348300,-0.029620,12,2,0.608
116293596,-0.611292,0.428237,0.162613,13,6,0.766
116293599,-0.605926,0.424602,-0.012215,14,91,0.740
116293601,-0.618532,0.433564,0.191196,15,3,0.782
116293624,-0.587285,0.412872,0.011831,1,29,0.718
116293628,-0.594623,0.418277,0.035901,3,76,0.728
116293633,-0.599575,0.422008,0.060447,5,57,0.736
116293638,-0.598886,0.421770,0.084840,7,65,0.738
116293642,-0.597454,0.421009,0.109162,9,100,0.740
116293647,-0.609717,0.429902,0.136915,11,7,0.760
116293649,-0.496174,0.349947,-0.029620,12,2,0.608
116293652,-0.590760,0.416781,0.157214,13,7,0.742
116293654,-0.591444,0.417385,-0.011936,14,99,0.724
116293656,-0.626561,0.442297,0.194302,15,3,0.794
116293679,-0.587540,0.415979,0.011866,1,100,0.720
116293684,-0.596479,0.422575,0.036110,3,76,0.732
116293688,-0.593273,0.420570,0.059924,5,63,0.730
116293693,-0.595833,0.422651,0.084596,7,66,0.736
116293698,-0.586348,0.416186,0.107284,9,100,0.728
116293702,-0.611437,0.434268,0.137678,11,7,0.764
116293705,-0.478683,0.340088,-0.028574,12,2,0.588
116293707,-0.606789,0.431239,0.162163,13,7,0.764
116293709,-0.589992,0.419434,-0.011936,14,100,0.724
116293711,-0.602977,0.428800,0.187055,15,3,0.766
116293734,-0.579536,0.413433,0.011726,1,27,0.712
116293739,-0.594963,0.424706,0.036110,3,80,0.732
116293744,-0.585280,0.418057,0.059226,5,69,0.722
116293748,-0.597547,0.427089,0.085083,7,65,0.740
116293753,-0.591282,0.422877,0.108536,9,100,0.736
116293758,-0.600300,0.429598,0.135388,11,7,0.752
116293760,-0.513191,0.367375,-0.030876,12,2,0.632
116293762,-0.600489,0.430003,0.160813,13,7,0.758
116293764,-0.588488,0.421543,-0.011936,14,100,0.724
116293767,-0.595157,0.426454,0.184985,15,3,0.758
116293790,-0.571560,0.410834,0.011586,1,27,0.704
116293794,-0.601551,0.432657,0.036633,3,82,0.742
116293799,-0.583788,0.420138,0.059226,5,69,0.722
116293804,-0.591193,0.425729,0.084352,7,66,0.734
116293808,-0.592984,0.427281,0.109162,9,100,0.740
116293813,-0.592407,0.427126,0.133862,11,8,0.744
116293815,-0.476252,0.343484,-0.028574,12,2,0.588
116293817,-0.611610,0.441242,0.164412,13,6,0.774
116293820,-0.593484,0.428296,-0.012075,14,100,0.732
116293822,-0.609315,0.439856,0.190161,15,3,0.778
116293845,-0.571742,0.413999,0.011621,1,29,0.706
116293850,-0.591951,0.428895,0.036110,3,80,0.732
116293854,-0.587157,0.425682,0.059749,5,69,0.728
116293859,-0.586490,0.425459,0.083865,7,67,0.730
116293863,-0.594687,0.431669,0.109787,9,100,0.744
116293868,-0.598855,0.434960,0.135770,11,9,0.754
116293870,-0.491208,0.356884,-0.029620,12,2,0.608
116293873,-0.597455,0.434209,0.160813,13,7,0.758
116293875,-0.595220,0.432717,-0.012145,14,100,0.736
116293877,-0.614025,0.446525,0.192232,15,3,0.786
116293900,-0.579988,0.423061,0.011831,1,29,0.718
116293905,-0.584002,0.426242,0.035691,3,90,0.724
116293910,-0.588893,0.430068,0.060098,5,71,0.732
116293914,-0.581806,0.425146,0.083377,7,67,0.726
116293919,-0.590001,0.431391,0.109162,9,100,0.740
116293923,-0.598935,0.438183,0.136152,11,9,0.756
116293926,-0.473858,0.346780,-0.028574,12,2,0.588
116293928,-0.583376,0.427055,0.157214,13,7,0.742
116293930,-0.584048,0.427674,-0.011936,14,100,0.724
116293933,-0.609370,0.446349,0.191196,15,3,0.782
116293956,-0.576934,0.423848,0.011796,1,32,0.716
116293960,-0.585766,0.430593,0.035901,3,89,0.728
116293965,-0.579401,0.426167,0.059226,5,77,0.722
116293969,-0.589949,0.434183,0.084840,7,65,0.738
116293974,-0.578986,0.426368,0.107284,9,100,0.728
116293979,-0.605343,0.446042,0.138060,11,9,0.766
116293981,-0.488752,0.360240,-0.029620,12,2,0.608
116293983,-0.586625,0.432507,0.158563,13,7,0.748
116293986,-0.576151,0.424911,-0.011796,14,100,0.716
116293988,-0.604739,0.446127,0.190161,15,3,0.778
116294011,-0.575485,0.425814,0.011796,1,32,0.716
116294016,-0.590709,0.437351,0.036319,3,93,0.736
116294020,-0.577932,0.428158,0.059226,5,74,0.722
116294025,-0.585256,0.433854,0.084352,7,72,0.734
116294029,-0.580676,0.430728,0.107910,9,100,0.732
116294034,-0.591173,0.438787,0.135007,11,9,0.750
116294036,-0.487491,0.361944,-0.029620,12,2,0.608
116294039,-0.599189,0.445014,0.162613,13,6,0.766
116294041,-0.581079,0.431698,-0.011936,14,100,0.724
116294043,-0.596966,0.443639,0.188091,15,3,0.770
116294066,-0.567545,0.423089,0.011656,1,32,0.708
116294071,-0.592342,0.441850,0.036529,3,93,0.740
116294075,-0.573203,0.427839,0.058878,5,74,0.718
116294080,-0.578929,0.432382,0.083621,7,74,0.728
116294085,-0.579132,0.432803,0.107910,9,100,0.732
116294089,-0.577022,0.431494,0.131954,11,9,0.734
116294092,-0.473399,0.354115,-0.028783,12,2,0.592
116294094,-0.602274,0.450657,0.163962,13,6,0.772
116294096,-0.592338,0.443361,-0.012215,14,100,0.740
116294099,-0.595374,0.445772,0.188091,15,3,0.770
116294122,-0.566029,0.425115,0.011656,1,33,0.708
116294126,-0.584375,0.439160,0.036110,3,95,0.732
116294131,-0.576453,0.433469,0.059401,5,74,0.724
116294135,-0.572630,0.430855,0.082890,7,75,0.722
116294140,-0.582328,0.438417,0.108849,9,100,0.738
116294145,-0.588036,0.442983,0.135007,11,9,0.750
116294147,-0.484905,0.365402,-0.029620,12,2,0.608
116294149,-0.583561,0.439878,0.159013,13,7,0.750
116294151,-0.582787,0.439428,-0.012040,14,100,0.730
116294154,-0.593800,0.447867,0.188091,15,3,0.770
116294177,-0.569326,0.430708,0.011761,1,36,0.714
116294181,-0.574877,0.435170,0.035587,3,100,0.722
116294186,-0.574937,0.435479,0.059401,5,83,0.724
116294191,-0.575869,0.436449,0.083621,7,74,0.728
116294195,-0.580794,0.440447,0.108849,9,100,0.738
116294200,-0.597434,0.453340,0.137678,11,7,0.764
116294202,-0.499535,0.379168,-0.030667,12,2,0.628
116294204,-0.588230,0.446626,0.160813,13,7,0.758
116294207,-0.586027,0.445088,-0.012145,14,100,0.736
116294209,-0.598386,0.454612,0.190161,15,3,0.778
116294232,-0.569412,0.433900,0.011796,1,34,0.716
116294237,-0.576540,0.439584,0.035796,3,100,0.726
116294241,-0.578181,0.441088,0.059924,5,89,0.730
116294246,-0.580676,0.443245,0.084596,7,72,0.736
116294251,-0.569863,0.435240,0.106971,9,100,0.726
116294255,-0.591205,0.451799,0.136533,11,9,0.758
116294257,-0.495068,0.378440,-0.030458,12,2,0.624
116294260,-0.589806,0.450988,0.161713,13,7,0.762
116294262,-0.570220,0.436137,-0.011831,14,100,0.718
116294264,-0.596845,0.456632,0.190161,15,3,0.778
116294287,-0.558451,0.428482,0.011586,1,34,0.704
116294292,-0.579832,0.445142,0.036110,3,100,0.732
116294297,-0.567235,0.435720,0.058878,5,94,0.718
116294301,-0.576055,0.442749,0.084108,7,72,0.732
116294306,-0.571548,0.439536,0.107597,9,100,0.730
116294310,-0.589703,0.453757,0.136533,11,9,0.758
116294313,-0.496976,0.382516,-0.030667,12,2,0.628
116294315,-0.589851,0.454131,0.162163,13,8,0.764
116294317,-0.576693,0.444126,-0.012005,14,100,0.728
116294320,-0.580024,0.446820,0.184985,15,3,0.758
116294343,-0.552275,0.426670,0.011482,1,37,0.698
116294347,-0.581498,0.449524,0.036319,3,99,0.736
116294352,-0.572067,0.442506,0.059575,5,94,0.726
116294357,-0.568271,0.439840,0.083133,7,75,0.724
116294361,-0.574729,0.445113,0.108536,9,100,0.736
116294366,-0.578830,0.448565,0.134244,11,9,0.746
116294368,-0.495655,0.384227,-0.030667,12,2,0.628
116294370,-0.585198,0.453779,0.161263,13,7,0.760
116294373,-0.578309,0.448575,-0.012075,14,100,0.732
116294375,-0.587623,0.455941,0.188091,15,3,0.770
116294398,-0.560214,0.436013,0.011691,1,37,0.710
116294403,-0.576735,0.449147,0.036110,3,100,0.732
116294407,-0.573623,0.446999,0.059924,5,94,0.730
116294412,-0.569824,0.444312,0.083621,7,81,0.728
116294416,-0.573133,0.447167,0.108536,9,100,0.736
116294421,-0.574126,0.448217,0.133480,11,9,0.742
116294423,-0.497425,0.388456,-0.030876,12,2,0.632
116294426,-0.583570,0.455870,0.161263,13,8,0.760
116294428,-0.579851,0.453104,-0.012145,14,100,0.736
116294430,-0.593598,0.463989,0.190679,15,3,0.780
116294453,-0.561797,0.440482,0.011761,1,40,0.714
116294458,-0.565696,0.443811,0.035482,3,100,0.720
116294463,-0.575155,0.451509,0.060272,5,90,0.734
116294467,-0.563548,0.442669,0.082890,7,82,0.722
116294472,-0.566870,0.445553,0.107597,9,100,0.730
116294476,-0.578691,0.455123,0.135007,11,9,0.750
116294479,-0.508590,0.400113,-0.031714,12,2,0.648
116294481,-0.566621,0.445904,0.156764,13,8,0.740
116294483,-0.578226,0.455176,-0.012145,14,100,0.736
116294486,-0.591935,0.466110,0.190679,15,3,0.780
116294509,-0.563356,0.444968,0.011831,1,39,0.718
116294513,-0.570372,0.450786,0.035901,3,99,0.728
116294518,-0.567284,0.448621,0.059575,5,94,0.726
116294522,-0.569744,0.450842,0.084108,7,72,0.732
116294527,-0.562175,0.445125,0.106971,9,100,0.726
116294532,-0.586292,0.464506,0.137296,11,9,0.762
116294534,-0.532200,0.421778,-0.033388,12,2,0.680
116294536,-0.580293,0.460034,0.161263,13,8,0.760
116294539,-0.559359,0.443574,-0.011761,14,100,0.714
116294541,-0.581182,0.461021,0.187573,15,3,0.768
116294565,-0.558712,0.444389,0.011761,1,40,0.714
116294569,-0.571970,0.455200,0.036110,3,100,0.732
116294574,-0.561095,0.446805,0.059052,5,97,0.720
116294579,-0.568229,0.452749,0.084108,7,79,0.732
116294583,-0.560686,0.446999,0.106971,9,100,0.726
116294588,-0.578606,0.461554,0.135770,11,9,0.754
116294590,-0.512064,0.408592,-0.032132,12,2,0.656
116294592,-0.569629,0.454658,0.158563,13,8,0.748
116294595,-0.568831,0.454152,-0.012005,14,100,0.728
116294597,-0.588717,0.470167,0.190679,15,3,0.780
116294620,-0.547831,0.438788,0.011552,1,37,0.702
116294625,-0.573534,0.459642,0.036319,3,100,0.736
116294629,-0.565788,0.453698,0.059749,5,97,0.728
116294634,-0.558943,0.448469,0.082890,7,82,0.722
116294639,-0.565323,0.453852,0.108223,9,100,0.734
116294643,-0.573971,0.461062,0.135007,11,9,0.750
116294645,-0.473304,0.380308,-0.029620,12,2,0.608
116294648,-0.586306,0.471244,0.163962,13,8,0.772
116294650,-0.567282,0.456086,-0.012005,14,100,0.728
116294652,-0.581092,0.467325,0.188608,15,3,0.772
116294675,-0.549446,0.443163,0.011621,1,40,0.706
116294680,-0.562636,0.454071,0.035691,3,100,0.724
116294685,-0.567333,0.458134,0.060098,5,97,0.732
116294689,-0.562034,0.454126,0.083621,7,81,0.728
116294694,-0.569905,0.460759,0.109474,9,100,0.742
116294698,-0.572380,0.463036,0.135007,11,9,0.750
116294701,-0.471991,0.381938,-0.029620,12,2,0.608
116294703,-0.572559,0.463456,0.160363,13,7,0.756
116294705,-0.575028,0.465593,-0.012215,14,100,0.740
116294708,-0.586979,0.475411,0.191196,15,3,0.782
116294731,-0.560313,0.455164,0.011901,1,40,0.722
116294735,-0.557948,0.453513,0.035482,3,100,0.720
116294740,-0.568822,0.462626,0.060447,5,100,0.736
116294745,-0.560446,0.456085,0.083621,7,81,0.728
116294749,-0.559102,0.455262,0.107597,9,100,0.730
116294754,-0.576848,0.469991,0.136533,11,9,0.758
116294756,-0.393244,0.320494,-0.024387,12,3,0.508
116294758,-0.561875,0.458063,0.157664,13,8,0.744
116294761,-0.557902,0.454959,-0.011866,14,100,0.720
116294763,-0.589807,0.481120,0.192749,15,3,0.788
116294786,-0.563365,0.460914,0.012005,1,42,0.728
116294791,-0.562548,0.460512,0.035901,3,100,0.728
116294795,-0.564129,0.462074,0.060098,5,97,0.732
116294800,-0.563468,0.461799,0.084352,7,79,0.734
116294804,-0.554470,0.454687,0.106971,9,100,0.726
116294809,-0.572187,0.469488,0.135770,11,9,0.754
116294811,-0.469329,0.385203,-0.029620,12,2,0.608
116294814,-0.560294,0.459995,0.157664,13,8,0.744
116294816,-0.559424,0.459414,-0.011936,14,100,0.724
116294818,-0.582179,0.478239,0.190679,15,3,0.780
116294841,-0.554077,0.456471,0.011831,1,39,0.718
116294846,-0.564060,0.464965,0.036110,3,100,0.732
116294851,-0.553331,0.456384,0.059052,5,97,0.720
116294855,-0.563424,0.464978,0.084596,7,86,0.736
116294860,-0.555966,0.459087,0.107597,9,100,0.730
116294864,-0.567559,0.468932,0.135007,11,9,0.750
116294869,-0.567737,0.469350,0.160363,13,8,0.756
116294871,-0.560939,0.463864,-0.012005,14,100,0.728
116294874,-0.574594,0.475292,0.188608,15,3,0.772
116294897,-0.546360,0.453251,0.011691,1,37,0.710
116294901,-0.570148,0.473273,0.036633,3,95,0.742
116294906,-0.557889,0.463377,0.059749,5,97,0.728
116294910,-0.555708,0.461846,0.083621,7,81,0.728
116294915,-0.557407,0.463539,0.108223,9,100,0.734
116294920,-0.559886,0.465883,0.133480,11,9,0.742
116294924,-0.572082,0.476320,0.162163,13,8,0.764
116294927,-0.565456,0.470946,-0.012145,14,100,0.736
116294929,-0.572921,0.477308,0.188608,15,3,0.772
116294952,-0.544735,0.455203,0.011691,1,39,0.710
116294956,-0.559258,0.467623,0.036005,3,97,0.730
116294961,-0.553171,0.462813,0.059401,5,86,0.724
116294966,-0.557096,0.466380,0.084108,7,79,0.732
116294970,-0.561802,0.470605,0.109474,9,100,0.742
116294975,-0.561225,0.470405,0.134244,11,9,0.746
116294980,-0.567388,0.475860,0.161263,13,8,0.760
116294982,-0.563768,0.472966,-0.012145,14,100,0.736
116294984,-0.586007,0.491773,0.193785,15,3,0.792
116295007,-0.546166,0.459721,0.011761,1,36,0.714
116295012,-0.551481,0.464462,0.035587,3,100,0.722
116295016,-0.554576,0.467337,0.059749,5,83,0.728
116295021,-0.555448,0.468342,0.084108,7,79,0.732
116295026,-0.551087,0.464932,0.107597,9,100,0.730
116295030,-0.568577,0.479964,0.136533,11,9,0.758
116295035,-0.552328,0.466516,0.157214,13,10,0.742
116295037,-0.565175,0.477504,-0.012215,14,100,0.740
116295039,-0.578396,0.488815,0.191714,15,3,0.784
116295062,-0.546124,0.462870,0.011796,1,33,0.716
116295067,-0.554467,0.470212,0.035901,3,99,0.728
116295072,-0.545386,0.462777,0.058878,5,89,0.718
116295076,-0.556877,0.472799,0.084596,7,86,0.736
116295081,-0.546491,0.464247,0.106971,9,100,0.726
116295086,-0.569932,0.484439,0.137296,11,9,0.762
116295090,-0.561129,0.477231,0.160363,13,8,0.756
116295092,-0.545269,0.463876,-0.011796,14,100,0.716
116295095,-0.569373,0.484521,0.189126,15,3,0.774
116295118,-0.544544,0.464728,0.011796,1,33,0.716
116295122,-0.555896,0.474696,0.036110,3,99,0.732
116295127,-0.548344,0.468523,0.059401,5,83,0.724
116295132,-0.564306,0.482445,0.086058,7,82,0.748
116295136,-0.547894,0.468691,0.107597,9,100,0.730
116295141,-0.565277,0.483846,0.136533,11,9,0.758
116295145,-0.565399,0.484235,0.162163,13,8,0.764
116295148,-0.546701,0.468359,-0.011866,14,100,0.720
116295150,-0.560359,0.480201,0.186538,15,3,0.764
116295173,-0.530786,0.456199,0.011517,1,32,0.700
116295178,-0.555750,0.477936,0.036215,3,97,0.734
116295182,-0.539154,0.463936,0.058529,5,84,0.714
116295187,-0.556601,0.479231,0.085083,7,78,0.740
116295191,-0.549248,0.473179,0.108223,9,100,0.734
116295196,-0.554663,0.478125,0.134244,11,9,0.746
116295201,-0.560754,0.483660,0.161263,13,8,0.760
116295203,-0.554147,0.478102,-0.012075,14,100,0.732
116295205,-0.567455,0.489727,0.189644,15,3,0.776
116295228,-0.538262,0.465901,0.011726,1,32,0.712
116295233,-0.551058,0.477258,0.036005,3,97,0.730
116295238,-0.546565,0.473644,0.059575,5,77,0.726
116295242,-0.536927,0.465566,0.082158,7,77,0.716
116295247,-0.550577,0.477682,0.108849,9,100,0.738
116295251,-0.555956,0.482632,0.135007,11,9,0.750
116295256,-0.550235,0.477947,0.158563,13,7,0.748
116295258,-0.558513,0.485280,-0.012215,14,99,0.740
116295261,-0.568658,0.494240,0.190679,15,3,0.780
116295284,-0.538140,0.469091,0.011761,1,29,0.714
116295288,-0.538853,0.469989,0.035273,3,100,0.716
116295293,-0.547911,0.478169,0.059924,5,80,0.730
116295297,-0.547261,0.477883,0.084108,7,72,0.732
116295302,-0.542956,0.474402,0.107597,9,100,0.730
116295307,-0.563136,0.492323,0.137296,11,9,0.762
116295311,-0.545630,0.477298,0.157664,13,8,0.744
116295314,-0.550796,0.481959,-0.012075,14,99,0.732
116295316,-0.564022,0.493677,0.189644,15,3,0.776
116295339,-0.544013,0.477563,0.011936,1,100,0.724
116295344,-0.546213,0.479775,0.035901,3,91,0.728
116295348,-0.541749,0.476133,0.059401,5,74,0.724
116295353,-0.547080,0.481101,0.084352,7,72,0.734
116295357,-0.538331,0.473685,0.106971,9,100,0.726
116295362,-0.555520,0.489096,0.135770,11,9,0.754
116295367,-0.549809,0.484353,0.159463,13,8,0.752
116295369,-0.543109,0.478590,-0.011936,14,74,0.724
116295371,-0.568092,0.500753,0.191714,15,3,0.784
116295394,-0.536350,0.474161,0.011796,1,100,0.716
116295399,-0.541543,0.479032,0.035691,3,99,0.724
116295403,-0.534115,0.472739,0.058704,5,75,0.716
116295408,-0.546883,0.484324,0.084596,7,72,0.736
116295413,-0.539631,0.478181,0.107597,9,100,0.730
116295417,-0.556747,0.493637,0.136533,11,9,0.758
116295422,-0.551031,0.488855,0.160363,13,8,0.756
116295424,-0.536948,0.476501,-0.011831,14,15,0.718
116295427,-0.553338,0.491190,0.187055,15,3,0.766
116295450,-0.524237,0.466722,0.011552,1,100,0.702
116295454,-0.551798,0.491548,0.036529,3,93,0.740
116295459,-0.533949,0.475927,0.058878,5,74,0.718
116295463,-0.540745,0.482266,0.083865,7,67,0.730
116295468,-0.539432,0.481377,0.107910,9,100,0.732
116295473,-0.546234,0.487732,0.134244,11,9,0.746
116295477,-0.552227,0.493373,0.161263,13,8,0.760
116295479,-0.536773,0.479705,-0.011866,14,2,0.720
116295482,-0.553060,0.494406,0.187573,15,3,0.768
116295505,-0.524093,0.469884,0.011586,1,82,0.704
116295509,-0.539672,0.484135,0.035796,3,92,0.726
116295514,-0.536733,0.481780,0.059401,5,71,0.724
116295519,-0.536104,0.481498,0.083377,7,67,0.726
116295523,-0.543626,0.488539,0.109162,9,100,0.740
116295528,-0.547448,0.492261,0.135007,11,9,0.750
116295532,-0.550502,0.495297,0.161263,13,8,0.760
116295535,-0.639141,0.575216,-0.014309,14,1,0.860
116295537,-0.554203,0.498919,0.188608,15,3,0.772
116295560,-0.526903,0.475731,0.011691,1,40,0.710
116295565,-0.536497,0.484677,0.035691,3,83,0.724
116295569,-0.542438,0.490331,0.060272,5,63,0.734
116295574,-0.540309,0.488692,0.084352,7,66,0.734
116295579,-0.540453,0.489108,0.108849,9,100,0.738
116295583,-0.548637,0.496805,0.135770,11,9,0.754
116295588,-0.542993,0.491982,0.159463,13,8,0.752
116295592,-0.553889,0.502148,0.189126,15,3,0.774
116295615,-0.520800,0.473532,0.011586,1,6,0.704
116295620,-0.539234,0.490579,0.036005,3,48,0.730
116295625,-0.534830,0.486857,0.059575,5,63,0.726
116295629,-0.540068,0.491912,0.084596,7,66,0.736
116295634,-0.525602,0.479016,0.106033,9,100,0.720
116295638,-0.555603,0.506654,0.138060,11,9,0.766
116295643,-0.538393,0.491247,0.158563,13,8,0.748
116295648,-0.546426,0.498868,0.187055,15,3,0.766
116295675,-0.537518,0.492458,0.036005,3,19,0.730
116295680,-0.528721,0.484682,0.059052,5,60,0.720
116295685,-0.542736,0.497820,0.085327,7,65,0.742
116295689,-0.525382,0.482184,0.106346,9,100,0.722
116295694,-0.545155,0.500623,0.135770,11,9,0.754
116295698,-0.545285,0.501035,0.161263,13,7,0.760
116295703,-0.548948,0.504695,0.188608,15,3,0.772
116295731,-0.562218,0.518709,0.037889,3,2,0.766
116295735,-0.531418,0.490579,0.059575,5,46,0.726
116295740,-0.539537,0.498364,0.085083,7,65,0.740
116295744,-0.529498,0.489378,0.107597,9,100,0.730
116295749,-0.539080,0.498524,0.134625,11,9,0.748
116295754,-0.554976,0.513523,0.164862,13,8,0.776
116295758,-0.547183,0.506608,0.188608,15,3,0.772
116295791,-0.529702,0.492431,0.059575,5,25,0.726
116295795,-0.531980,0.494837,0.084108,7,59,0.732
116295800,-0.535017,0.497952,0.109162,9,100,0.740
116295804,-0.537337,0.500403,0.134625,11,8,0.748
116295809,-0.533220,0.496858,0.158563,13,7,0.748
116295814,-0.542585,0.505880,0.187573,15,3,0.768
116295846,-0.535252,0.501085,0.060447,5,11,0.736
116295850,-0.530249,0.496691,0.084108,7,53,0.732
116295855,-0.530393,0.497115,0.108536,9,100,0.736
116295860,-0.535587,0.502275,0.134625,11,8,0.748
116295864,-0.527219,0.494716,0.157214,13,7,0.742
116295869,-0.560533,0.526284,0.194820,15,3,0.796
116295901,-0.590147,0.556138,0.067245,5,2,0.814
116295906,-0.534389,0.503880,0.085083,7,39,0.740
116295910,-0.523010,0.493431,0.107284,9,100,0.728
116295915,-0.533938,0.504027,0.134625,11,8,0.748
116295919,-0.532682,0.503128,0.159463,13,7,0.752
116295924,-0.550389,0.520148,0.191714,15,3,0.784
116295961,-0.545628,0.517997,0.087277,7,12,0.758
116295966,-0.522760,0.496569,0.107597,9,100,0.730
116295970,-0.537912,0.511252,0.136152,11,6,0.756
116295975,-0.535203,0.508966,0.160813,13,7,0.758
116295979,-0.548616,0.522018,0.191714,15,3,0.784
116296016,-0.556763,0.532210,0.089471,7,5,0.776
116296021,-0.521051,0.498362,0.107597,9,75,0.730
116296025,-0.533311,0.510386,0.135388,11,6,0.752
116296030,-0.541889,0.518897,0.163512,13,4,0.770
116296035,-0.541228,0.518566,0.189644,15,3,0.776
116296076,-0.516463,0.497437,0.106971,9,38,0.726
116296081,-0.527286,0.508158,0.134244,11,6,0.746
116296085,-0.530255,0.511316,0.160363,13,7,0.756
116296090,-0.542195,0.523134,0.190679,15,3,0.780
116296131,-0.500528,0.485500,0.103843,9,7,0.706
116296136,-0.526897,0.511383,0.134625,11,4,0.748
116296141,-0.521452,0.506401,0.158113,13,5,0.746
116296145,-0.547264,0.531785,0.193267,15,3,0.790
116296187,-0.514330,0.502473,0.107284,9,1,0.728
116296191,-0.527872,0.516010,0.135388,11,3,0.752
116296196,-0.515458,0.504176,0.156764,13,5,0.740
116296201,-0.531552,0.520227,0.188091,15,3,0.770
116296247,-0.531660,0.523362,0.136915,11,1,0.760
116296251,-0.528971,0.521010,0.161713,13,3,0.762
116296256,-0.526992,0.519356,0.187055,15,3,0.766
116296307,-0.527194,0.522808,0.161713,13,3,0.762
116296311,-0.543049,0.538835,0.193785,15,3,0.792
116296362,-0.552993,0.552137,0.170711,13,1,0.802
116296366,-0.538478,0.537950,0.192749,15,1,0.788
116296417,-0.507131,0.509805,0.156314,13,1,0.738
116296422,-0.550265,0.553479,0.197926,15,1,0.808
116296477,-0.548347,0.555379,0.197926,15,1,0.808
116296532,-0.565340,0.576601,0.205173,15,1,0.836
116304151,-0.153229,0.503177,-0.042318,10,4,0.528
116304206,-0.151471,0.503709,-0.042318,10,4,0.528
116304377,-0.168580,0.583294,-0.029620,12,2,0.608
116304432,-0.186265,0.653023,-0.033388,12,2,0.680
116304487,-0.180738,0.642134,-0.032760,12,2,0.668
116304492,-0.232729,0.827775,-0.014309,14,1,0.860
116304543,-0.177426,0.638912,-0.032551,12,2,0.664
116304547,-0.203113,0.732236,-0.012564,14,2,0.760
116304598,-0.167279,0.610633,-0.030981,12,5,0.634
116304603,-0.192111,0.702080,-0.012005,14,2,0.728
116304653,-0.159416,0.590004,-0.029830,12,5,0.612
116304658,-0.189659,0.702746,-0.012005,14,2,0.728
116304709,-0.148614,0.557748,-0.028050,12,8,0.578
116304713,-0.185148,0.695674,-0.011866,14,2,0.720
116304743,-0.202479,0.766623,0.039355,3,1,0.794
116304764,-0.145651,0.554400,-0.027841,12,8,0.574
116304768,-0.182211,0.694382,-0.011831,14,4,0.718
116304794,-0.174542,0.669517,0.011377,1,7,0.692
116304798,-0.194769,0.747997,0.038308,3,1,0.774
116304803,-0.217146,0.834929,0.071777,5,1,0.866
116304819,-0.152728,0.589707,-0.029725,12,8,0.610
116304824,-0.180287,0.696950,-0.011866,14,4,0.720
116304849,-0.162247,0.631388,0.010679,1,7,0.652
116304854,-0.194135,0.756413,0.038727,3,1,0.782
116304874,-0.149161,0.584438,-0.029411,12,5,0.604
116304879,-0.178805,0.701459,-0.011936,14,4,0.724
116304904,-0.165876,0.655227,0.011098,1,7,0.676
116304909,-0.176740,0.699013,0.035587,3,2,0.722
116304914,-0.192686,0.763041,0.065153,5,2,0.790
116304918,-0.212629,0.843071,0.101658,7,3,0.876
116304923,-0.175632,0.697257,0.107284,9,1,0.728
116304930,-0.151452,0.602401,-0.030353,12,7,0.622
116304934,-0.174346,0.694337,-0.011796,14,4,0.716
116304960,-0.159667,0.640292,0.010819,1,7,0.660
116304964,-0.177157,0.711264,0.036215,3,2,0.734
116304969,-0.175567,0.705711,0.059924,5,2,0.730
116304974,-0.185740,0.747485,0.089471,7,5,0.776
116304978,-0.173205,0.697864,0.107284,9,1,0.728
116304985,-0.152737,0.616490,-0.031086,12,7,0.636
116304990,-0.168604,0.681342,-0.011552,14,4,0.702
116305015,-0.169001,0.687423,0.011656,1,6,0.708
116305020,-0.172416,0.702149,0.035691,3,4,0.724
116305024,-0.169429,0.690809,0.058529,5,3,0.714
116305029,-0.179481,0.732672,0.087521,7,6,0.760
116305033,-0.159622,0.652384,0.099775,9,1,0.680
116305040,-0.153535,0.628634,-0.031714,12,5,0.648
116305045,-0.167766,0.687725,-0.011656,14,4,0.708
116305070,-0.155417,0.641337,0.010819,1,7,0.660
116305075,-0.165388,0.683305,0.034645,3,4,0.704
116305080,-0.165264,0.683621,0.057832,5,3,0.706
116305084,-0.172391,0.713966,0.085083,7,6,0.740
116305089,-0.159310,0.660591,0.101027,9,1,0.688
116305096,-0.147710,0.613605,-0.030876,12,5,0.632
116305100,-0.165484,0.688278,-0.011656,14,4,0.708
116305126,-0.152361,0.637959,0.010749,1,7,0.656
116305130,-0.168682,0.707162,0.035901,3,4,0.728
116305135,-0.169461,0.711299,0.060272,5,2,0.734
116305139,-0.170023,0.714534,0.085083,7,6,0.740
116305144,-0.161686,0.680334,0.104156,9,1,0.708
116305151,-0.134150,0.565509,-0.028260,12,8,0.582
116305156,-0.160435,0.677148,-0.011447,14,4,0.696
116305181,-0.154591,0.657981,0.011098,1,7,0.676
116305185,-0.156948,0.668891,0.033807,3,4,0.688
116305190,-0.165008,0.704162,0.059575,5,2,0.726
116305195,-0.161938,0.691967,0.082158,7,7,0.716
116305199,-0.154652,0.661697,0.101027,9,1,0.688
116305206,-0.130212,0.558228,-0.027841,12,8,0.574
116305211,-0.158790,0.681642,-0.011517,14,4,0.700
116305236,-0.154996,0.670206,0.011307,1,7,0.688
116305241,-0.152815,0.661650,0.033388,3,5,0.680
116305245,-0.167027,0.724148,0.061318,5,2,0.746
116305250,-0.165760,0.719610,0.085571,7,6,0.744
116305255,-0.150127,0.652608,0.099463,9,2,0.678
116305261,-0.126475,0.550893,-0.027422,12,9,0.566
116305266,-0.151047,0.658803,-0.011098,14,5,0.676
116305291,-0.148218,0.651245,0.010958,1,7,0.668
116305296,-0.148734,0.654389,0.032970,3,5,0.672
116305301,-0.156560,0.689753,0.058181,5,3,0.710
116305305,-0.159737,0.704696,0.083621,7,6,0.728
116305310,-0.146975,0.649274,0.098837,9,2,0.674
116305317,-0.121470,0.537694,-0.026689,12,6,0.552
116305321,-0.151387,0.671030,-0.011307,14,5,0.688
116305347,-0.144196,0.643952,0.010819,1,7,0.660
116305351,-0.146449,0.654905,0.032970,3,5,0.672
116305356,-0.153283,0.686407,0.057832,5,6,0.706
116305361,-0.159868,0.716875,0.085083,7,6,0.740
116305365,-0.144708,0.649784,0.098837,9,2,0.674
116305370,-0.165369,0.743576,0.139968,11,1,0.776
116305372,-0.122193,0.549812,-0.027317,12,3,0.564
116305377,-0.143845,0.648128,-0.010888,14,5,0.664
116305402,-0.147109,0.667887,0.011237,1,7,0.684
116305407,-0.147594,0.671017,0.033807,3,4,0.688
116305411,-0.149177,0.679154,0.057135,5,3,0.698
116305416,-0.150560,0.686404,0.081183,7,7,0.708
116305420,-0.139480,0.636777,0.096647,9,2,0.660
116305425,-0.162772,0.744149,0.139968,11,1,0.776
116305427,-0.113449,0.519017,-0.025643,12,3,0.532
116305430,-0.174246,0.797713,0.178809,13,1,0.838
116305432,-0.146699,0.672071,-0.011307,14,5,0.688
116305434,-0.151097,0.692702,0.178773,15,1,0.734
116305457,-0.138850,0.641035,0.010749,1,7,0.656
116305462,-0.141873,0.655911,0.032970,3,5,0.672
116305467,-0.149329,0.691355,0.058181,5,3,0.710
116305471,-0.143978,0.667521,0.078746,7,7,0.688
116305476,-0.138920,0.644985,0.097898,9,4,0.668
116305480,-0.154394,0.717841,0.134625,11,1,0.748
116305483,-0.117512,0.546747,-0.027108,12,3,0.560
116305485,-0.150999,0.703052,0.156314,13,1,0.738
116305487,-0.141834,0.660848,-0.011098,14,5,0.676
116305490,-0.148678,0.693225,0.178773,15,1,0.734
116305513,-0.140777,0.661074,0.011098,1,7,0.676
116305517,-0.137090,0.644681,0.032342,3,5,0.660
116305522,-0.146087,0.687974,0.057832,5,3,0.706
116305526,-0.144941,0.683555,0.080696,7,7,0.704
116305531,-0.136668,0.645466,0.097898,9,4,0.668
116305536,-0.137267,0.649227,0.120887,11,1,0.676
116305538,-0.116428,0.551062,-0.027317,12,3,0.564
116305540,-0.148544,0.703575,0.156314,13,1,0.738
116305543,-0.139527,0.661339,-0.011098,14,5,0.676
116305545,-0.146257,0.693740,0.178773,15,1,0.734
116305568,-0.138468,0.661561,0.011098,1,7,0.676
116305572,-0.134022,0.641245,0.032132,3,5,0.656
116305577,-0.137986,0.661175,0.055392,5,3,0.678
116305582,-0.142554,0.684057,0.080696,7,7,0.704
116305586,-0.127975,0.614996,0.092892,9,4,0.636
116305591,-0.149379,0.718902,0.134625,11,1,0.748
116305593,-0.114504,0.551465,-0.027317,12,3,0.564
116305596,-0.146088,0.704089,0.156314,13,1,0.738
116305598,-0.132346,0.638325,-0.010679,14,5,0.652
116305600,-0.157944,0.762347,0.197408,15,1,0.806
116305623,-0.129718,0.630700,0.010539,1,8,0.644
116305628,-0.133404,0.649532,0.032551,3,5,0.664
116305632,-0.139704,0.681165,0.057135,5,3,0.698
116305637,-0.144980,0.707880,0.083621,7,6,0.728
116305642,-0.126660,0.619301,0.093518,9,4,0.640
116305646,-0.132784,0.650159,0.120887,11,1,0.676
116305649,-0.112627,0.551851,-0.027317,12,3,0.564
116305651,-0.143696,0.704581,0.156314,13,1,0.738
116305653,-0.134175,0.658364,-0.011028,14,5,0.672
116305655,-0.149197,0.732588,0.189126,15,1,0.774
116305678,-0.127625,0.631127,0.010539,1,8,0.644
116305683,-0.132830,0.657802,0.032970,3,5,0.672
116305688,-0.133507,0.662094,0.055392,5,3,0.678
116305692,-0.137146,0.681112,0.080209,7,7,0.700
116305697,-0.126163,0.627464,0.094770,9,4,0.648
116305702,-0.130627,0.650596,0.120887,11,1,0.676
116305704,-0.110010,0.548305,-0.027108,12,3,0.560
116305706,-0.141358,0.705054,0.156314,13,1,0.738
116305708,-0.126884,0.633316,-0.010574,14,5,0.646
116305711,-0.145249,0.725502,0.187055,15,1,0.766
116305734,-0.124745,0.627626,0.010470,1,8,0.640
116305738,-0.126739,0.638652,0.031923,3,5,0.652
116305743,-0.135921,0.685993,0.057483,5,3,0.702
116305748,-0.132523,0.669889,0.078746,7,7,0.688
116305752,-0.123254,0.624015,0.094144,9,4,0.644
116305757,-0.134468,0.681859,0.126993,11,1,0.708
116305759,-0.108119,0.548681,-0.027108,12,3,0.560
116305761,-0.138919,0.705539,0.156314,13,1,0.738
116305764,-0.127775,0.649449,-0.010853,14,5,0.662
116305766,-0.136762,0.695674,0.178773,15,1,0.734
116305789,-0.118671,0.608441,0.010120,1,8,0.620
116305794,-0.122163,0.627339,0.031295,3,5,0.640
116305798,-0.131945,0.678652,0.056786,5,3,0.694
116305803,-0.130125,0.670359,0.078746,7,7,0.688
116305807,-0.118766,0.612817,0.092267,9,4,0.632
116305812,-0.133520,0.690046,0.128519,11,1,0.716
116305814,-0.103881,0.537299,-0.026480,12,3,0.548
116305817,-0.136394,0.706031,0.156314,13,1,0.738
116305819,-0.123934,0.642048,-0.010714,14,5,0.654
116305821,-0.138662,0.718922,0.184985,15,1,0.758
116305844,-0.118752,0.620645,0.010330,1,8,0.632
116305849,-0.121430,0.635617,0.031714,3,5,0.648
116305854,-0.128794,0.675200,0.056437,5,3,0.690
116305858,-0.129245,0.678614,0.079721,7,7,0.696
116305863,-0.120303,0.632636,0.095395,9,4,0.652
116305867,-0.123781,0.651933,0.120887,11,1,0.676
116305870,-0.102005,0.537658,-0.026480,12,3,0.548
116305872,-0.133934,0.706502,0.156314,13,1,0.738
116305874,-0.119841,0.632651,-0.010539,14,5,0.644
116305877,-0.139042,0.734584,0.189126,15,1,0.774
116305900,-0.118854,0.632838,0.010539,1,8,0.644
116305904,-0.119266,0.636026,0.031714,3,5,0.648
116305909,-0.122095,0.652135,0.054346,5,3,0.666
116305913,-0.125476,0.671245,0.078746,7,7,0.688
116305918,-0.116699,0.625274,0.094144,9,4,0.644
116305923,-0.128754,0.690951,0.128519,11,1,0.716
116305925,-0.101637,0.545856,-0.026899,12,3,0.556
116305927,-0.131529,0.706954,0.156314,13,1,0.738
116305930,-0.119149,0.640920,-0.010679,14,2,0.652
116305932,-0.136541,0.735052,0.189126,15,1,0.774
116305955,-0.114523,0.621439,0.010330,1,8,0.632
116305960,-0.118539,0.644287,0.032132,3,5,0.656
116305964,-0.122023,0.664306,0.055392,5,3,0.678
116305969,-0.124606,0.679481,0.079721,7,7,0.696
116305973,-0.112771,0.615956,0.092579,9,5,0.634
116305978,-0.119314,0.652765,0.120887,11,1,0.676
116305980,-0.102625,0.561922,-0.027736,12,2,0.572
116305983,-0.129088,0.707403,0.156314,13,1,0.738
116305985,-0.110478,0.605917,-0.010051,14,2,0.616
116305987,-0.127073,0.697509,0.178773,15,1,0.734
116306010,-0.112353,0.621835,0.010330,1,8,0.632
116306015,-0.116290,0.644697,0.032132,3,5,0.656
116306019,-0.115466,0.641198,0.053300,5,3,0.654
116306024,-0.118721,0.660374,0.077284,7,7,0.676
116306029,-0.110272,0.614402,0.092267,9,4,0.632
116306033,-0.117035,0.653178,0.120887,11,1,0.676
116306036,-0.102071,0.570140,-0.028155,12,2,0.580
116306038,-0.126618,0.707850,0.156314,13,1,0.738
116306040,-0.116102,0.649606,-0.010819,14,2,0.660
116306043,-0.130072,0.728376,0.187055,15,1,0.766
116306066,-0.110179,0.622224,0.010330,1,8,0.632
116306070,-0.109860,0.621499,0.030876,3,5,0.632
116306075,-0.111831,0.633751,0.052603,5,3,0.646
116306079,-0.112955,0.641238,0.074846,7,8,0.656
116306084,-0.107422,0.610895,0.091641,9,4,0.628
116306089,-0.120159,0.684526,0.126993,11,1,0.708
116306091,-0.100055,0.570498,-0.028155,12,2,0.580
116306093,-0.115368,0.658386,0.144616,13,2,0.686
116306095,-0.111042,0.634255,-0.010539,14,2,0.644
116306098,-0.122163,0.698386,0.178773,15,1,0.734
116306121,-0.107952,0.622614,0.010330,1,8,0.632
116306125,-0.107635,0.621888,0.030876,3,5,0.632
116306130,-0.111598,0.645927,0.053648,5,3,0.658
116306135,-0.112684,0.653375,0.076309,7,8,0.668
116306139,-0.106241,0.617116,0.092579,9,4,0.634
116306144,-0.112389,0.653993,0.120887,11,1,0.676
116306146,-0.101393,0.590537,-0.029202,12,2,0.600
116306148,-0.121578,0.708733,0.156314,13,1,0.738
116306151,-0.104719,0.610997,-0.010120,14,2,0.620
116306153,-0.119663,0.698818,0.178773,15,1,0.734
116306176,-0.105731,0.622995,0.010330,1,8,0.632
116306181,-0.106097,0.626204,0.031086,3,5,0.636
116306185,-0.102675,0.607026,0.050162,5,3,0.618
116306190,-0.108412,0.642021,0.074846,7,8,0.656
116306195,-0.102779,0.609690,0.091328,9,5,0.626
116306199,-0.110127,0.654378,0.120887,11,1,0.676
116306201,-0.099357,0.590883,-0.029202,12,5,0.600
116306204,-0.112685,0.670710,0.147316,13,2,0.698
116306206,-0.103949,0.619240,-0.010260,14,2,0.628
116306208,-0.110885,0.661118,0.168420,15,2,0.694
116306231,-0.103664,0.623343,0.010330,1,8,0.632
116306236,-0.105328,0.634434,0.031504,3,5,0.644
116306241,-0.105223,0.634881,0.052603,5,3,0.646
116306245,-0.104338,0.630627,0.073384,7,8,0.644
116306250,-0.100757,0.610028,0.091328,9,4,0.626
116306254,-0.107956,0.654740,0.120887,11,1,0.676
116306257,-0.097072,0.589238,-0.029097,12,5,0.598
116306259,-0.104763,0.636469,0.139218,13,2,0.662
116306261,-0.097352,0.591957,-0.009771,14,3,0.600
116306264,-0.108692,0.661482,0.168420,15,2,0.694
116306287,-0.095805,0.588157,0.009702,1,9,0.596
116306291,-0.101928,0.626896,0.031086,3,5,0.636
116306296,-0.099263,0.611631,0.050511,5,3,0.622
116306301,-0.100945,0.623136,0.072409,7,8,0.636
116306305,-0.099009,0.612315,0.091641,9,5,0.628
116306310,-0.105732,0.655102,0.120887,11,1,0.676
116306312,-0.094748,0.587593,-0.028992,12,5,0.596
116306314,-0.102591,0.636822,0.139218,13,2,0.662
116306317,-0.092786,0.576492,-0.009492,14,3,0.584
116306319,-0.103359,0.642777,0.163244,15,2,0.674
116306342,-0.092493,0.580589,0.009562,1,9,0.588
116306347,-0.092212,0.579909,0.028574,3,6,0.588
116306351,-0.094629,0.596231,0.049116,5,3,0.606
116306356,-0.098769,0.623485,0.072409,7,8,0.636
116306360,-0.094711,0.598999,0.089451,9,6,0.614
116306365,-0.103445,0.655467,0.120887,11,1,0.676
116306367,-0.091452,0.580029,-0.028574,12,8,0.588
116306370,-0.096729,0.614076,0.133819,13,2,0.638
116306372,-0.091395,0.580763,-0.009562,14,3,0.588
116306374,-0.105915,0.673668,0.171526,15,1,0.706
116306397,-0.085543,0.549294,0.009004,1,9,0.556
116306402,-0.087119,0.560491,0.027527,3,6,0.568
116306407,-0.094380,0.608371,0.050162,5,3,0.618
116306411,-0.089302,0.576744,0.066559,7,9,0.588
116306416,-0.090810,0.587613,0.087574,9,6,0.602
116306420,-0.093973,0.609257,0.111728,11,2,0.628
116306423,-0.091252,0.592188,-0.029202,12,8,0.600
116306425,-0.085690,0.556629,0.120322,13,2,0.578
116306427,-0.086328,0.561314,-0.009213,14,3,0.568
116306430,-0.088894,0.578562,0.145644,15,2,0.606
116306453,-0.083625,0.549590,0.009004,1,9,0.556
116306457,-0.087561,0.576589,0.028364,3,6,0.584
116306462,-0.089270,0.588998,0.048419,5,3,0.598
116306466,-0.091445,0.604531,0.069972,7,9,0.616
116306471,-0.089053,0.589880,0.087886,9,6,0.604
116306476,-0.088336,0.586285,0.107149,11,2,0.604
116306478,-0.087104,0.578678,-0.028469,12,8,0.586
116306480,-0.090122,0.599320,0.130220,13,2,0.622
116306483,-0.081991,0.545792,-0.008934,14,3,0.552
116306485,-0.093182,0.620899,0.157032,15,2,0.650
116306509,-0.081706,0.549878,0.009004,1,9,0.556
116306513,-0.087892,0.592696,0.029202,3,5,0.600
116306518,-0.084880,0.573538,0.047025,5,4,0.582
116306523,-0.089914,0.608774,0.070459,7,8,0.620
116306527,-0.087281,0.592141,0.088199,9,6,0.606
116306532,-0.084003,0.571051,0.104096,11,2,0.588
116306534,-0.084502,0.575027,-0.028260,12,8,0.582
116306536,-0.088029,0.599631,0.130220,13,2,0.622
116306539,-0.078345,0.534203,-0.008724,14,3,0.540
116306541,-0.088773,0.605928,0.152891,15,2,0.634
116306564,-0.078064,0.538286,0.008794,1,10,0.544
116306569,-0.081817,0.565326,0.027736,3,6,0.572
116306573,-0.079460,0.550168,0.044933,5,4,0.558
116306578,-0.079859,0.554070,0.063634,7,10,0.564
116306583,-0.082683,0.574845,0.085383,9,6,0.588
116306587,-0.078662,0.548021,0.099516,11,2,0.564
116306589,-0.079093,0.551594,-0.027003,12,9,0.558
116306592,-0.083172,0.580644,0.125721,13,2,0.602
116306596,-0.086658,0.606235,0.152891,15,2,0.634
116306619,-0.071143,0.502916,0.008166,1,10,0.508
116306624,-0.074818,0.530011,0.025852,3,6,0.536
116306629,-0.076705,0.544523,0.044410,5,8,0.552
116306633,-0.074056,0.526825,0.060222,7,10,0.536
116306638,-0.078480,0.559480,0.082881,9,6,0.572
116306642,-0.080014,0.571624,0.104096,11,2,0.588
116306645,-0.074401,0.532086,-0.025957,12,9,0.538
116306647,-0.075753,0.542331,0.116722,13,2,0.562
116306649,-0.071850,0.514932,-0.008375,14,3,0.520
116306652,-0.080274,0.575920,0.144609,15,2,0.602
116306675,-0.072119,0.522970,0.008515,1,10,0.528
116306679,-0.069701,0.506525,0.024596,3,6,0.512
116306684,-0.073449,0.534918,0.043538,5,8,0.542
116306689,-0.072756,0.531014,0.060709,7,10,0.540
116306693,-0.076527,0.559751,0.082881,9,6,0.572
116306698,-0.076426,0.560228,0.101806,11,4,0.576
116306700,-0.073622,0.540258,-0.026375,12,9,0.546
116306707,-0.076703,0.564711,0.141503,15,2,0.590
116306735,-0.066860,0.498849,0.024177,3,6,0.504
116306739,-0.068129,0.509502,0.041272,5,9,0.516
116306744,-0.070875,0.531268,0.060709,7,10,0.540
116306748,-0.071930,0.540438,0.079752,9,8,0.552
116306753,-0.070291,0.529359,0.095700,11,2,0.544
116306755,-0.067487,0.508840,-0.024701,12,9,0.514
116306762,-0.065051,0.492206,0.121833,15,2,0.514
116306790,-0.065031,0.499090,0.024177,3,6,0.504
116306799,-0.064332,0.496089,0.056322,7,11,0.504
116306804,-0.067921,0.525026,0.077249,9,8,0.536
116306808,-0.065837,0.510142,0.091884,11,5,0.524
116306811,-0.065111,0.505122,-0.024491,12,9,0.510
116306850,-0.062432,0.494169,0.039878,5,9,0.500
116306859,-0.064586,0.513503,0.075372,9,6,0.524
116306866,-0.062354,0.497419,-0.024073,12,9,0.502
